Time	Node	AppId	SeqNo	Type	DelayS	DelayUS	RetxCount	HopCount
0.00362519	9	1	0	LastDelay	0.00362519	3625.19	1	7
0.00362519	9	1	0	FullDelay	0.00362519	3625.19	1	7
0.00439674	3	1	0	LastDelay	0.00439674	4396.74	1	4
0.00439674	3	1	0	FullDelay	0.00439674	4396.74	1	4
0.00439677	12	1	0	LastDelay	0.00439677	4396.77	1	4
0.00439677	12	1	0	FullDelay	0.00439677	4396.77	1	4
0.500545	3	1	4	LastDelay	0.000545495	545.495	1	3
0.500545	3	1	4	FullDelay	0.000545495	545.495	1	3
0.501814	9	1	4	LastDelay	0.00181439	1814.39	1	4
0.501814	9	1	4	FullDelay	0.00181439	1814.39	1	4
0.503113	12	1	4	LastDelay	0.00311267	3112.67	1	9
0.503113	12	1	4	FullDelay	0.00311267	3112.67	1	9
1.50307	9	1	11	LastDelay	0.00306593	3065.93	1	5
1.50307	9	1	11	FullDelay	0.00306593	3065.93	1	5
1.50307	12	1	11	LastDelay	0.00306616	3066.16	1	5
1.50307	12	1	11	FullDelay	0.00306616	3066.16	1	5
2.60178	12	1	14	LastDelay	0.00177932	1779.32	1	3
2.60178	12	1	14	FullDelay	0.00177932	1779.32	1	3
2.60221	9	1	14	LastDelay	0.0022101	2210.1	1	3
2.60221	9	1	14	FullDelay	0.0022101	2210.1	1	3
3.50512	9	1	10	LastDelay	0.0051222	5122.2	1	10
3.50512	9	1	10	FullDelay	2.10512	2.10512e+06	2	10
3.70047	9	1	15	LastDelay	0.00046737	467.37	1	2
3.70047	9	1	15	FullDelay	0.00046737	467.37	1	2
4.30258	3	1	37	LastDelay	0.00258166	2581.66	1	10
4.30258	3	1	37	FullDelay	0.00258166	2581.66	1	10
5.50047	9	1	24	LastDelay	0.00046737	467.37	1	2
5.50047	9	1	24	FullDelay	0.00046737	467.37	1	2
5.60229	3	1	1	LastDelay	1.20229	1.20229e+06	1	6
5.60229	3	1	1	FullDelay	5.50229	5.50229e+06	4	6
5.60294	9	1	1	LastDelay	0.00294396	2943.96	1	7
5.60294	9	1	1	FullDelay	5.50294	5.50294e+06	7	7
8.20307	9	1	34	LastDelay	0.00306814	3068.14	1	3
8.20307	9	1	34	FullDelay	0.00306814	3068.14	1	3
8.20399	3	1	34	LastDelay	0.603987	603987	1	5
8.20399	3	1	34	FullDelay	4.30399	4.30399e+06	2	5
8.80047	9	1	8	LastDelay	0.00046737	467.37	1	2
8.80047	9	1	8	FullDelay	7.70047	7.70047e+06	6	2
10.2005	9	1	27	LastDelay	0.00046729	467.29	1	2
10.2005	9	1	27	FullDelay	2.70047	2.70047e+06	2	2
10.3005	9	1	28	LastDelay	0.00046729	467.29	1	2
10.3005	9	1	28	FullDelay	2.70047	2.70047e+06	2	2
12.6008	9	1	53	LastDelay	0.000844	844	1	2
12.6008	9	1	53	FullDelay	0.000844	844	1	2
14.3005	9	1	25	LastDelay	0.00046737	467.37	1	2
14.3005	9	1	25	FullDelay	7.00047	7.00047e+06	3	2
16.6027	3	1	126	LastDelay	0.00266994	2669.94	1	8
16.6027	3	1	126	FullDelay	0.00266994	2669.94	1	8
16.6027	12	1	126	LastDelay	1.80267	1.80267e+06	1	8
16.6027	12	1	126	FullDelay	1.80267	1.80267e+06	1	8
18.1005	9	1	68	LastDelay	0.00046737	467.37	1	2
18.1005	9	1	68	FullDelay	0.00046737	467.37	1	2
18.3007	9	1	3	LastDelay	0.000704864	704.864	1	5
18.3007	9	1	3	FullDelay	18.0007	1.80007e+07	9	5
18.6059	12	1	35	LastDelay	0.00592934	5929.34	1	6
18.6059	12	1	35	FullDelay	12.9059	1.29059e+07	2	6
18.8005	3	1	12	LastDelay	1.20047	1.20047e+06	1	2
18.8005	3	1	12	FullDelay	17.2005	1.72005e+07	3	2
19.9033	12	1	48	LastDelay	0.00334431	3344.31	1	9
19.9033	12	1	48	FullDelay	12.9033	1.29033e+07	2	9
20.9027	9	1	40	LastDelay	0.00274253	2742.53	1	10
20.9027	9	1	40	FullDelay	9.60274	9.60274e+06	3	10
20.904	3	1	40	LastDelay	0.704049	704049	1	11
20.904	3	1	40	FullDelay	12.904	1.2904e+07	2	11
20.9056	12	1	40	LastDelay	1.80564	1.80564e+06	1	12
20.9056	12	1	40	FullDelay	14.7056	1.47056e+07	2	12
21.6005	9	1	47	LastDelay	0.00046729	467.29	1	2
21.6005	9	1	47	FullDelay	9.60047	9.60047e+06	3	2
24.6006	9	1	80	LastDelay	0.000624472	624.472	1	4
24.6006	9	1	80	FullDelay	0.000624472	624.472	1	4
24.6043	12	1	80	LastDelay	1.50432	1.50432e+06	1	7
24.6043	12	1	80	FullDelay	14.4043	1.44043e+07	2	7
24.6074	3	1	80	LastDelay	0.40741	407410	1	7
24.6074	3	1	80	FullDelay	12.6074	1.26074e+07	2	7
26.6005	9	1	32	LastDelay	0.00046729	467.29	1	2
26.6005	9	1	32	FullDelay	18.6005	1.86005e+07	5	2
26.7091	9	1	33	LastDelay	0.00908769	9087.69	1	4
26.7091	9	1	33	FullDelay	18.6091	1.86091e+07	4	4
27.5012	9	1	43	LastDelay	0.00123661	1236.61	1	3
27.5012	9	1	43	FullDelay	15.9012	1.59012e+07	4	3
28.7035	9	1	57	LastDelay	0.00346391	3463.91	1	5
28.7035	9	1	57	FullDelay	11.7035	1.17035e+07	3	5
29.0054	9	1	60	LastDelay	0.00536824	5368.24	1	5
29.0054	9	1	60	FullDelay	11.7054	1.17054e+07	3	5
29.1012	9	1	61	LastDelay	0.00117886	1178.87	1	4
29.1012	9	1	61	FullDelay	11.7012	1.17012e+07	3	4
29.5028	9	1	65	LastDelay	0.00282618	2826.18	1	4
29.5028	9	1	65	FullDelay	11.7028	1.17028e+07	3	4
31.3005	9	1	86	LastDelay	0.00046737	467.37	1	2
31.3005	9	1	86	FullDelay	0.00046737	467.37	1	2
32.2078	9	1	17	LastDelay	0.00780477	7804.77	1	17
32.2078	9	1	17	FullDelay	27.4078	2.74078e+07	7	17
32.5029	12	1	182	LastDelay	0.00290184	2901.84	1	5
32.5029	12	1	182	FullDelay	0.00290184	2901.84	1	5
33.7062	12	1	15	LastDelay	0.00621463	6214.63	1	6
33.7062	12	1	15	FullDelay	30.0062	3.00062e+07	3	6
37.3005	9	1	87	LastDelay	0.00046737	467.37	1	2
37.3005	9	1	87	FullDelay	0.00046737	467.37	1	2
38.0022	12	1	61	LastDelay	0.00217134	2171.34	1	5
38.0022	12	1	61	FullDelay	29.7022	2.97022e+07	3	5
39.2005	9	1	35	LastDelay	0.00046729	467.29	1	2
39.2005	9	1	35	FullDelay	28.4005	2.84005e+07	6	2
39.9005	9	1	44	LastDelay	0.00046737	467.37	1	2
39.9005	9	1	44	FullDelay	28.2005	2.82005e+07	6	2
40.2077	9	1	48	LastDelay	0.0077011	7701.1	1	10
40.2077	9	1	48	FullDelay	28.1077	2.81077e+07	6	10
40.4005	9	1	50	LastDelay	0.00046729	467.29	1	2
40.4005	9	1	50	FullDelay	28.1005	2.81005e+07	6	2
41.202	9	1	62	LastDelay	0.0019825	1982.5	1	4
41.202	9	1	62	FullDelay	23.702	2.3702e+07	5	4
42.3005	9	1	75	LastDelay	0.00046729	467.29	1	2
42.3005	9	1	75	FullDelay	18.2005	1.82005e+07	4	2
43.3029	12	1	115	LastDelay	0.00290931	2909.31	1	6
43.3029	12	1	115	FullDelay	29.6029	2.96029e+07	3	6
43.3057	9	1	89	LastDelay	0.00566173	5661.73	1	13
43.3057	9	1	89	FullDelay	0.00566173	5661.73	1	13
46.309	12	1	146	LastDelay	0.0090213	9021.3	1	8
46.309	12	1	146	FullDelay	17.409	1.7409e+07	2	8
47.8005	9	1	76	LastDelay	0.00046737	467.37	1	2
47.8005	9	1	76	FullDelay	23.6005	2.36005e+07	5	2
50.4024	9	1	107	LastDelay	0.00244151	2441.51	1	8
50.4024	9	1	107	FullDelay	0.00244151	2441.51	1	8
50.5005	9	1	2	LastDelay	0.00046737	467.37	1	2
50.5005	9	1	2	FullDelay	50.3005	5.03005e+07	14	2
50.9005	12	1	210	LastDelay	0.000546641	546.641	1	3
50.9005	12	1	210	FullDelay	0.000546641	546.641	1	3
51.4005	9	1	19	LastDelay	0.00046737	467.37	1	2
51.4005	9	1	19	FullDelay	46.4005	4.64005e+07	10	2
52.7005	9	1	41	LastDelay	0.00046737	467.37	1	2
52.7005	9	1	41	FullDelay	41.3005	4.13005e+07	8	2
54.2006	9	1	38	LastDelay	1.70063	1.70063e+06	1	4
54.2006	9	1	38	FullDelay	43.1006	4.31006e+07	8	4
57.8005	9	1	112	LastDelay	0.00046729	467.29	1	2
57.8005	9	1	112	FullDelay	0.00046729	467.29	1	2
57.9005	9	1	5	LastDelay	0.00046729	467.29	1	2
57.9005	9	1	5	FullDelay	57.1005	5.71005e+07	14	2
58.5005	9	1	16	LastDelay	0.00046737	467.37	1	2
58.5005	9	1	16	FullDelay	53.8005	5.38005e+07	11	2
58.7005	9	1	20	LastDelay	0.00046737	467.37	1	2
58.7005	9	1	20	FullDelay	53.6005	5.36005e+07	11	2
58.9031	9	1	22	LastDelay	0.00311698	3116.98	1	4
58.9031	9	1	22	FullDelay	53.6031	5.36031e+07	11	4
59.2006	9	1	29	LastDelay	0.00062547	625.47	1	4
59.2006	9	1	29	FullDelay	51.5006	5.15006e+07	10	4
63.0005	9	1	92	LastDelay	0.00046653	466.53	1	2
63.0005	9	1	92	FullDelay	14.1005	1.41005e+07	3	2
63.4028	9	1	96	LastDelay	0.0027561	2756.1	1	4
63.4028	9	1	96	FullDelay	14.1028	1.41028e+07	3	4
63.8058	9	1	100	LastDelay	0.00580627	5806.27	1	18
63.8058	9	1	100	FullDelay	14.1058	1.41058e+07	3	18
64.2007	9	1	104	LastDelay	0.00068447	684.47	1	3
64.2007	9	1	104	FullDelay	14.1007	1.41007e+07	3	3
65.2005	9	1	117	LastDelay	0.00046737	467.37	1	2
65.2005	9	1	117	FullDelay	0.00046737	467.37	1	2
65.3045	12	1	156	LastDelay	0.00450845	4508.45	1	6
65.3045	12	1	156	FullDelay	35.4045	3.54045e+07	3	6
65.3074	9	1	6	LastDelay	0.0073762	7376.2	1	8
65.3074	9	1	6	FullDelay	64.4074	6.44074e+07	15	8
66.0033	9	1	23	LastDelay	0.00330964	3309.64	1	11
66.0033	9	1	23	FullDelay	60.6033	6.06033e+07	11	11
66.0066	12	1	163	LastDelay	0.00661816	6618.16	1	12
66.0066	12	1	163	FullDelay	35.4066	3.54066e+07	3	12
66.2005	9	1	30	LastDelay	0.00046737	467.37	1	2
66.2005	9	1	30	FullDelay	58.4005	5.84005e+07	11	2
68.2016	9	1	39	LastDelay	1.6016	1.6016e+06	1	9
68.2016	9	1	39	FullDelay	57.0016	5.70016e+07	10	9
68.5005	9	1	72	LastDelay	0.00046737	467.37	1	2
68.5005	9	1	72	FullDelay	44.7005	4.47005e+07	8	2
69.0006	3	1	10	LastDelay	0.000624951	624.951	1	4
69.0006	3	1	10	FullDelay	67.6006	6.76006e+07	7	4
69.3028	9	1	83	LastDelay	0.00279759	2797.59	1	9
69.3028	9	1	83	FullDelay	38.3028	3.83028e+07	7	9
71.6005	9	1	115	LastDelay	0.000545371	545.371	1	3
71.6005	9	1	115	FullDelay	6.60055	6.60055e+06	2	3
74.6026	9	1	147	LastDelay	0.00257068	2570.68	1	13
74.6026	9	1	147	FullDelay	0.00257068	2570.68	1	13
78.4005	9	1	88	LastDelay	0.00046737	467.37	1	2
78.4005	9	1	88	FullDelay	35.2005	3.52005e+07	5	2
78.4005	3	1	88	LastDelay	1.80047	1.80047e+06	1	2
78.4005	3	1	88	FullDelay	65.6005	6.56005e+07	6	2
78.6028	9	1	91	LastDelay	0.00277005	2770.05	1	12
78.6028	9	1	91	FullDelay	29.8028	2.98028e+07	5	12
80.1005	9	1	111	LastDelay	0.00046737	467.37	1	2
80.1005	9	1	111	FullDelay	22.4005	2.24005e+07	3	2
81.0062	3	1	123	LastDelay	0.906211	906211	1	4
81.0062	3	1	123	FullDelay	64.7062	6.47062e+07	6	4
81.6047	9	1	129	LastDelay	0.00470827	4708.27	1	9
81.6047	9	1	129	FullDelay	8.80471	8.80471e+06	2	9
81.6047	3	1	129	LastDelay	1.10471	1.10471e+06	1	9
81.6047	3	1	129	FullDelay	52.7047	5.27047e+07	5	9
83.0015	9	1	143	LastDelay	0.00151834	1518.34	1	12
83.0015	9	1	143	FullDelay	8.80152	8.80152e+06	2	12
85.0005	9	1	165	LastDelay	0.00046737	467.37	1	2
85.0005	9	1	165	FullDelay	0.00046737	467.37	1	2
85.7006	9	1	26	LastDelay	0.000625265	625.265	1	4
85.7006	9	1	26	FullDelay	78.3006	7.83006e+07	13	4
87.2076	12	1	392	LastDelay	0.00760968	7609.68	1	8
87.2076	12	1	392	FullDelay	0.00760968	7609.68	1	8
90.5015	9	1	116	LastDelay	0.0015009	1500.9	1	9
90.5015	9	1	116	FullDelay	25.4015	2.54015e+07	3	9
90.7027	9	1	119	LastDelay	0.00267234	2672.34	1	11
90.7027	9	1	119	FullDelay	18.9027	1.89027e+07	3	11
90.9005	9	1	121	LastDelay	0.00046737	467.37	1	2
90.9005	9	1	121	FullDelay	18.9005	1.89005e+07	3	2
91.9013	9	1	132	LastDelay	0.00130891	1308.91	1	4
91.9013	9	1	132	FullDelay	18.8013	1.88013e+07	3	4
92.8021	12	1	64	LastDelay	0.00208339	2083.39	1	10
92.8021	12	1	64	FullDelay	84.2021	8.42021e+07	5	10
93.1005	9	1	145	LastDelay	0.000546342	546.342	1	3
93.1005	9	1	145	FullDelay	18.7005	1.87005e+07	3	3
94.5019	9	1	160	LastDelay	0.00190522	1905.22	1	4
94.5019	9	1	160	FullDelay	10.0019	1.00019e+07	2	4
94.7057	9	1	162	LastDelay	0.00567287	5672.86	1	9
94.7057	9	1	162	FullDelay	10.0057	1.00057e+07	2	9
95.0063	9	1	167	LastDelay	0.00630419	6304.19	1	9
95.0063	9	1	167	FullDelay	0.00630419	6304.19	1	9
95.4005	9	1	13	LastDelay	0.00046737	467.37	1	2
95.4005	9	1	13	FullDelay	92.9005	9.29005e+07	16	2
95.5005	9	1	18	LastDelay	0.00046737	467.37	1	2
95.5005	9	1	18	FullDelay	90.6005	9.06005e+07	15	2
95.7035	12	1	94	LastDelay	0.00354189	3541.89	1	7
95.7035	12	1	94	FullDelay	84.1035	8.41035e+07	5	7
96.4005	9	1	51	LastDelay	0.000546342	546.342	1	3
96.4005	9	1	51	FullDelay	84.0005	8.40005e+07	13	3
97.3038	12	1	110	LastDelay	0.00384322	3843.22	1	6
97.3038	12	1	110	FullDelay	84.1038	8.41038e+07	5	6
100.076	12	1	139	LastDelay	0.0760388	76038.8	1	2
100.076	12	1	139	FullDelay	71.876	7.1876e+07	4	2
100.079	9	1	109	LastDelay	0.0790566	79056.6	1	2
100.079	9	1	109	FullDelay	42.5791	4.25791e+07	6	2
100.804	9	1	124	LastDelay	0.00375819	3758.19	1	10
100.804	9	1	124	FullDelay	28.5038	2.85038e+07	4	10
102.1	9	1	139	LastDelay	0.00046729	467.29	1	2
102.1	9	1	139	FullDelay	28.3005	2.83005e+07	4	2
102.203	9	1	140	LastDelay	0.00299447	2994.47	1	9
102.203	9	1	140	FullDelay	28.303	2.8303e+07	4	9
102.503	3	1	89	LastDelay	0.00285147	2851.47	1	5
102.503	3	1	89	FullDelay	89.6029	8.96029e+07	8	5
102.6	9	1	146	LastDelay	0.00046737	467.37	1	2
102.6	9	1	146	FullDelay	28.1005	2.81005e+07	3	2
103.201	9	1	153	LastDelay	0.000684913	684.913	1	3
103.201	9	1	153	FullDelay	19.4007	1.94007e+07	3	3
103.202	12	1	153	LastDelay	1.90239	1.90239e+06	1	4
103.202	12	1	153	FullDelay	73.6024	7.36024e+07	4	4
103.707	9	1	158	LastDelay	0.00660362	6603.62	1	6
103.707	9	1	158	FullDelay	19.4066	1.94066e+07	3	6
104	9	1	163	LastDelay	0.00046737	467.37	1	2
104	9	1	163	FullDelay	19.2005	1.92005e+07	3	2
106.2	9	1	188	LastDelay	0.00046737	467.37	1	2
106.2	9	1	188	FullDelay	0.00046737	467.37	1	2
107.602	9	1	55	LastDelay	0.00216399	2163.99	1	15
107.602	9	1	55	FullDelay	90.8022	9.08022e+07	13	15
107.802	9	1	58	LastDelay	0.00211987	2119.87	1	4
107.802	9	1	58	FullDelay	90.7021	9.07021e+07	13	4
108.801	9	1	74	LastDelay	0.00101935	1019.35	1	9
108.801	9	1	74	FullDelay	84.801	8.4801e+07	12	9
111.81	12	1	262	LastDelay	0.0103427	10342.7	1	11
111.81	12	1	262	FullDelay	37.6103	3.76103e+07	2	11
117.7	9	1	203	LastDelay	0.00046729	467.29	1	2
117.7	9	1	203	FullDelay	0.00046729	467.29	1	2
119.506	3	1	132	LastDelay	0.00629911	6299.11	1	9
119.506	3	1	132	FullDelay	90.3063	9.03063e+07	8	9
119.804	9	1	70	LastDelay	0.0039996	3999.6	1	4
119.804	9	1	70	FullDelay	96.204	9.6204e+07	13	4
124.9	9	1	155	LastDelay	0.00046737	467.37	1	2
124.9	9	1	155	FullDelay	40.9005	4.09005e+07	5	2
125.3	9	1	161	LastDelay	0.00046737	467.37	1	2
125.3	9	1	161	FullDelay	40.7005	4.07005e+07	5	2
127.3	9	1	185	LastDelay	0.00046737	467.37	1	2
127.3	9	1	185	FullDelay	21.4005	2.14005e+07	3	2
129.703	9	1	212	LastDelay	0.0031054	3105.4	1	7
129.703	9	1	212	FullDelay	0.0031054	3105.4	1	7
130.1	9	1	21	LastDelay	0.00046737	467.37	1	2
130.1	9	1	21	FullDelay	124.9	1.249e+08	18	2
130.703	9	1	46	LastDelay	0.00271313	2713.13	1	7
130.703	9	1	46	FullDelay	118.803	1.18803e+08	16	7
131.3	9	1	63	LastDelay	0.00046729	467.29	1	2
131.3	9	1	63	FullDelay	113.7	1.137e+08	15	2
132.302	9	1	81	LastDelay	0.00162312	1623.12	1	7
132.302	9	1	81	FullDelay	101.502	1.01502e+08	13	7
132.405	9	1	82	LastDelay	0.00530863	5308.63	1	10
132.405	9	1	82	FullDelay	101.505	1.01505e+08	13	10
133.203	9	1	98	LastDelay	0.00259807	2598.07	1	8
133.203	9	1	98	FullDelay	83.7026	8.37026e+07	10	8
135.203	12	1	510	LastDelay	0.00252489	2524.89	1	5
135.203	12	1	510	FullDelay	0.00252489	2524.89	1	5
136.2	9	1	148	LastDelay	0.00046737	467.37	1	2
136.2	9	1	148	FullDelay	52.9005	5.29005e+07	6	2
136.806	9	1	156	LastDelay	0.00619364	6193.64	1	9
136.806	9	1	156	FullDelay	52.7062	5.27062e+07	6	9
138.001	9	1	175	LastDelay	0.000546342	546.342	1	3
138.001	9	1	175	FullDelay	33.1005	3.31005e+07	4	3
138.902	9	1	184	LastDelay	0.00205058	2050.58	1	4
138.902	9	1	184	FullDelay	33.1021	3.31021e+07	4	4
139.301	9	1	190	LastDelay	0.0013639	1363.9	1	4
139.301	9	1	190	FullDelay	22.9014	2.29014e+07	3	4
140	9	1	197	LastDelay	0.00046737	467.37	1	2
140	9	1	197	FullDelay	22.9005	2.29005e+07	3	2
140.401	9	1	201	LastDelay	0.000546342	546.342	1	3
140.401	9	1	201	FullDelay	22.9005	2.29005e+07	3	3
140.901	9	1	207	LastDelay	0.00121595	1215.95	1	4
140.901	9	1	207	FullDelay	11.7012	1.17012e+07	2	4
142.702	9	1	7	LastDelay	0.00240782	2407.82	1	13
142.702	9	1	7	FullDelay	141.702	1.41702e+08	22	13
143.7	9	1	49	LastDelay	0.00046737	467.37	1	2
143.7	9	1	49	FullDelay	131.5	1.315e+08	17	2
145.2	9	1	229	LastDelay	0.00046737	467.37	1	2
145.2	9	1	229	FullDelay	0.00046737	467.37	1	2
145.603	9	1	36	LastDelay	0.00304839	3048.39	1	6
145.603	9	1	36	FullDelay	134.703	1.34703e+08	18	6
146.2	9	1	56	LastDelay	0.00046737	467.37	1	2
146.2	9	1	56	FullDelay	129.3	1.293e+08	17	2
147.803	9	1	97	LastDelay	0.00288815	2888.16	1	12
147.803	9	1	97	FullDelay	98.4029	9.84029e+07	11	12
148.902	9	1	118	LastDelay	0.00181943	1819.43	1	6
148.902	9	1	118	FullDelay	77.2018	7.72018e+07	8	6
150.208	9	1	136	LastDelay	0.00809133	8091.33	1	13
150.208	9	1	136	FullDelay	76.7081	7.67081e+07	8	13
150.208	3	1	136	LastDelay	1.00809	1.00809e+06	1	13
150.208	3	1	136	FullDelay	117.108	1.17108e+08	10	13
151	9	1	151	LastDelay	0.00046737	467.37	1	2
151	9	1	151	FullDelay	67.4005	6.74005e+07	7	2
151.404	12	1	181	LastDelay	0.00373028	3730.28	1	5
151.404	12	1	181	FullDelay	119.004	1.19004e+08	4	5
152.4	9	1	176	LastDelay	0.00046729	467.29	1	2
152.4	9	1	176	FullDelay	47.4005	4.74005e+07	5	2
153.702	9	1	193	LastDelay	0.00213027	2130.27	1	12
153.702	9	1	193	FullDelay	37.0021	3.70021e+07	4	12
153.703	12	1	193	LastDelay	1.20263	1.20263e+06	1	13
153.703	12	1	193	FullDelay	104.503	1.04503e+08	4	13
154.102	12	1	209	LastDelay	0.00212761	2127.61	1	5
154.102	12	1	209	FullDelay	103.302	1.03302e+08	3	5
156.005	12	1	229	LastDelay	0.00514724	5147.24	1	5
156.005	12	1	229	FullDelay	85.1051	8.51051e+07	3	5
159.302	9	1	64	LastDelay	0.00157783	1577.83	1	4
159.302	9	1	64	FullDelay	141.602	1.41602e+08	18	4
161.4	9	1	108	LastDelay	0.00046737	467.37	1	2
161.4	9	1	108	FullDelay	104	1.04e+08	11	2
163.301	9	1	138	LastDelay	0.000545301	545.301	1	3
163.301	9	1	138	FullDelay	89.6005	8.96005e+07	9	3
163.707	12	1	307	LastDelay	0.0065711	6571.1	1	4
163.707	12	1	307	FullDelay	85.0066	8.50066e+07	3	4
164.1	9	1	154	LastDelay	0.00046737	467.37	1	2
164.1	9	1	154	FullDelay	80.2005	8.02005e+07	8	2
164.704	12	1	317	LastDelay	0.00412804	4128.04	1	4
164.704	12	1	317	FullDelay	85.0041	8.50041e+07	3	4
164.801	9	1	170	LastDelay	0.000624352	624.352	1	4
164.801	9	1	170	FullDelay	60.4006	6.04006e+07	6	4
165.805	12	1	328	LastDelay	0.00456119	4561.19	1	7
165.805	12	1	328	FullDelay	85.0046	8.50046e+07	3	7
166.305	9	1	189	LastDelay	0.00517257	5172.57	1	6
166.305	9	1	189	FullDelay	50.0052	5.00052e+07	5	6
168.603	9	1	218	LastDelay	0.00281954	2819.54	1	4
168.603	9	1	218	FullDelay	26.8028	2.68028e+07	3	4
170.4	9	1	237	LastDelay	0.00046737	467.37	1	2
170.4	9	1	237	FullDelay	12.9005	1.29005e+07	2	2
171.702	9	1	45	LastDelay	0.00217867	2178.67	1	10
171.702	9	1	45	FullDelay	159.902	1.59902e+08	20	10
172.606	12	1	397	LastDelay	0.00644165	6441.65	1	7
172.606	12	1	397	FullDelay	48.7064	4.87064e+07	2	7
177.102	12	1	442	LastDelay	0.00230329	2303.29	1	7
177.102	12	1	442	FullDelay	48.7023	4.87023e+07	2	7
177.606	9	1	169	LastDelay	0.00579206	5792.06	1	4
177.606	9	1	169	FullDelay	73.3058	7.33058e+07	7	4
