Time	Node	AppId	SeqNo	Type	DelayS	DelayUS	RetxCount	HopCount
0.00227394	12	1	0	LastDelay	0.00227394	2273.94	1	6
0.00227394	12	1	0	FullDelay	0.00227394	2273.94	1	6
0.00334325	9	1	0	LastDelay	0.00334325	3343.25	1	4
0.00334325	9	1	0	FullDelay	0.00334325	3343.25	1	4
0.00334346	3	1	0	LastDelay	0.00334346	3343.46	1	4
0.00334346	3	1	0	FullDelay	0.00334346	3343.46	1	4
0.00517413	6	1	0	LastDelay	0.00517413	5174.14	1	5
0.00517413	6	1	0	FullDelay	0.00517413	5174.14	1	5
0.00947089	2	1	0	LastDelay	0.00947089	9470.89	1	5
0.00947089	2	1	0	FullDelay	0.00947089	9470.89	1	5
0.901277	9	1	7	LastDelay	0.00127679	1276.79	1	8
0.901277	9	1	7	FullDelay	0.00127679	1276.79	1	8
0.902614	3	1	7	LastDelay	0.00261362	2613.62	1	11
0.902614	3	1	7	FullDelay	0.00261362	2613.62	1	11
0.902614	12	1	7	LastDelay	0.00261364	2613.64	1	11
0.902614	12	1	7	FullDelay	0.00261364	2613.64	1	11
1.30477	2	1	10	LastDelay	0.00477131	4771.31	1	8
1.30477	2	1	10	FullDelay	0.00477131	4771.31	1	8
1.7	3	1	10	LastDelay	0	0	1	0
1.7	3	1	10	FullDelay	0	0	1	0
1.7	9	1	10	LastDelay	0	0	1	0
1.7	9	1	10	FullDelay	0	0	1	0
1.7	12	1	10	LastDelay	0	0	1	0
1.7	12	1	10	FullDelay	0	0	1	0
2.00212	9	1	8	LastDelay	0.502118	502118	1	11
2.00212	9	1	8	FullDelay	0.502118	502118	1	11
2.00212	3	1	8	LastDelay	0.502118	502118	1	11
2.00212	3	1	8	FullDelay	0.502118	502118	1	11
2.00338	12	1	8	LastDelay	0.503381	503381	1	9
2.00338	12	1	8	FullDelay	0.503381	503381	1	9
2.00674	6	1	8	LastDelay	1.00674	1.00674e+06	1	10
2.00674	6	1	8	FullDelay	1.00674	1.00674e+06	1	10
2.10134	9	1	9	LastDelay	0.501338	501338	1	8
2.10134	9	1	9	FullDelay	0.501338	501338	1	8
2.10134	3	1	9	LastDelay	0.501339	501339	1	8
2.10134	3	1	9	FullDelay	0.501339	501339	1	8
2.20063	9	1	5	LastDelay	0.000625014	625.014	1	4
2.20063	9	1	5	FullDelay	1.60063	1.60063e+06	3	4
2.20176	3	1	5	LastDelay	0.00176192	1761.92	1	8
2.20176	3	1	5	FullDelay	1.60176	1.60176e+06	3	8
2.4	3	1	11	LastDelay	0	0	1	0
2.4	3	1	11	FullDelay	0	0	1	0
2.4	9	1	11	LastDelay	0	0	1	0
2.4	9	1	11	FullDelay	0	0	1	0
2.4	12	1	11	LastDelay	0	0	1	0
2.4	12	1	11	FullDelay	0	0	1	0
2.40255	12	1	5	LastDelay	0.20255	202550	1	6
2.40255	12	1	5	FullDelay	1.80255	1.80255e+06	3	6
2.60047	6	1	7	LastDelay	0.000467137	467.137	1	2
2.60047	6	1	7	FullDelay	1.70047	1.70047e+06	2	2
2.9	3	1	15	LastDelay	0	0	1	0
2.9	3	1	15	FullDelay	0	0	1	0
2.9	9	1	15	LastDelay	0	0	1	0
2.9	9	1	15	FullDelay	0	0	1	0
2.90168	12	1	9	LastDelay	0.00167591	1675.91	1	2
2.90168	12	1	9	FullDelay	1.30168	1.30168e+06	2	2
3.10047	9	1	3	LastDelay	0.00046653	466.53	1	2
3.10047	9	1	3	FullDelay	2.80047	2.80047e+06	4	2
3.3	12	1	15	LastDelay	0	0	1	0
3.3	12	1	15	FullDelay	0	0	1	0
3.5	3	1	17	LastDelay	0	0	1	0
3.5	3	1	17	FullDelay	0	0	1	0
3.5	9	1	17	LastDelay	0	0	1	0
3.5	9	1	17	FullDelay	0	0	1	0
3.60068	9	1	1	LastDelay	0.000684217	684.217	1	3
3.60068	9	1	1	FullDelay	3.50068	3.50068e+06	6	3
3.60068	3	1	1	LastDelay	0.000684421	684.421	1	3
3.60068	3	1	1	FullDelay	3.50068	3.50068e+06	6	3
3.80047	9	1	12	LastDelay	0.000467189	467.189	1	2
3.80047	9	1	12	FullDelay	1.20047	1.20047e+06	2	2
3.90047	3	1	12	LastDelay	0.000467386	467.386	1	2
3.90047	3	1	12	FullDelay	1.30047	1.30047e+06	2	2
4.1	9	1	18	LastDelay	0	0	1	0
4.1	9	1	18	FullDelay	0	0	1	0
4.2	3	1	18	LastDelay	0	0	1	0
4.2	3	1	18	FullDelay	0	0	1	0
4.3	12	1	18	LastDelay	0	0	1	0
4.3	12	1	18	FullDelay	0	0	1	0
4.90047	9	1	22	LastDelay	0.00046729	467.29	1	2
4.90047	9	1	22	FullDelay	0.00046729	467.29	1	2
5.4	3	1	25	LastDelay	0	0	1	0
5.4	3	1	25	FullDelay	0	0	1	0
5.9	9	1	25	LastDelay	0	0	1	0
5.9	9	1	25	FullDelay	0	0	1	0
5.9	12	1	25	LastDelay	0	0	1	0
5.9	12	1	25	FullDelay	0	0	1	0
6.60047	3	1	19	LastDelay	0.400468	400468	1	2
6.60047	3	1	19	FullDelay	1.80047	1.80047e+06	2	2
6.60119	9	1	19	LastDelay	0.00118649	1186.49	1	5
6.60119	9	1	19	FullDelay	2.00119	2.00119e+06	3	5
6.9	3	1	29	LastDelay	0	0	1	0
6.9	3	1	29	FullDelay	0	0	1	0
6.9	9	1	26	LastDelay	0	0	1	0
6.9	9	1	26	FullDelay	0	0	1	0
7.20285	6	1	61	LastDelay	0.20285	202850	1	10
7.20285	6	1	61	FullDelay	0.20285	202850	1	10
7.20285	2	1	61	LastDelay	0.00285048	2850.48	1	10
7.20285	2	1	61	FullDelay	0.00285048	2850.48	1	10
7.60275	9	1	4	LastDelay	0.502745	502745	1	11
7.60275	9	1	4	FullDelay	7.10275	7.10275e+06	8	11
7.60275	12	1	4	LastDelay	1.30275	1.30275e+06	1	11
7.60275	12	1	4	FullDelay	7.10275	7.10275e+06	7	11
7.70419	2	1	5	LastDelay	0.00418533	4185.33	1	6
7.70419	2	1	5	FullDelay	7.10419	7.10419e+06	3	6
7.8	12	1	29	LastDelay	0	0	1	0
7.8	12	1	29	FullDelay	0	0	1	0
7.90047	9	1	28	LastDelay	0.00046737	467.37	1	2
7.90047	9	1	28	FullDelay	0.00046737	467.37	1	2
7.90089	2	1	7	LastDelay	0.000890624	890.624	1	3
7.90089	2	1	7	FullDelay	7.00089	7.00089e+06	3	3
8.10055	9	1	6	LastDelay	0.000546535	546.535	1	3
8.10055	9	1	6	FullDelay	7.30055	7.30055e+06	8	3
8.10055	3	1	6	LastDelay	0.800547	800547	1	3
8.10055	3	1	6	FullDelay	7.30055	7.30055e+06	6	3
8.40264	9	1	13	LastDelay	0.202644	202644	1	8
8.40264	9	1	13	FullDelay	5.70264	5.70264e+06	6	8
8.40264	12	1	13	LastDelay	0.00264444	2644.44	1	8
8.40264	12	1	13	FullDelay	5.30264	5.30264e+06	5	8
8.80047	3	1	24	LastDelay	0.700467	700467	1	2
8.80047	3	1	24	FullDelay	3.50047	3.50047e+06	2	2
8.80216	6	1	18	LastDelay	0.00216383	2163.83	1	3
8.80216	6	1	18	FullDelay	6.10216	6.10216e+06	2	3
8.9	2	1	18	LastDelay	0	0	1	0
8.9	2	1	18	FullDelay	6	6e+06	2	0
8.9	9	1	29	LastDelay	0	0	1	0
8.9	9	1	29	FullDelay	0	0	1	0
9.1	3	1	38	LastDelay	0	0	1	0
9.1	3	1	38	FullDelay	0	0	1	0
9.20239	9	1	16	LastDelay	0.00238701	2387.01	1	9
9.20239	9	1	16	FullDelay	5.80239	5.80239e+06	7	9
9.20239	3	1	16	LastDelay	1.60239	1.60239e+06	1	9
9.20239	3	1	16	FullDelay	5.80239	5.80239e+06	4	9
9.60198	12	1	26	LastDelay	0.201979	201979	1	5
9.60198	12	1	26	FullDelay	2.10198	2.10198e+06	2	5
9.70172	9	1	27	LastDelay	0.10172	101720	1	7
9.70172	9	1	27	FullDelay	1.90172	1.90172e+06	2	7
10.3014	9	1	36	LastDelay	0.00141018	1410.18	1	6
10.3014	9	1	36	FullDelay	0.00141018	1410.18	1	6
10.3014	12	1	36	LastDelay	0.10141	101410	1	6
10.3014	12	1	36	FullDelay	0.10141	101410	1	6
10.3042	9	1	33	LastDelay	0.304238	304238	1	7
10.3042	9	1	33	FullDelay	0.304238	304238	1	7
10.3042	3	1	33	LastDelay	1.70424	1.70424e+06	1	7
10.3042	3	1	33	FullDelay	1.70424	1.70424e+06	1	7
10.3071	12	1	33	LastDelay	0.407069	407069	1	8
10.3071	12	1	33	FullDelay	0.407069	407069	1	8
10.8025	3	1	37	LastDelay	1.8025	1.8025e+06	1	5
10.8025	3	1	37	FullDelay	1.8025	1.8025e+06	1	5
10.8025	12	1	37	LastDelay	0.502501	502501	1	5
10.8025	12	1	37	FullDelay	0.502501	502501	1	5
11.3	9	1	37	LastDelay	0	0	1	0
11.3	9	1	37	FullDelay	0	0	1	0
11.5	3	1	44	LastDelay	0	0	1	0
11.5	3	1	44	FullDelay	0	0	1	0
11.9	12	1	28	LastDelay	0	0	1	0
11.9	12	1	28	FullDelay	4.2	4.2e+06	2	0
12.0005	9	1	34	LastDelay	0.00046729	467.29	1	2
12.0005	9	1	34	FullDelay	1.90047	1.90047e+06	2	2
12.1	3	1	46	LastDelay	0	0	1	0
12.1	3	1	46	FullDelay	0	0	1	0
12.2	9	1	38	LastDelay	0	0	1	0
12.2	9	1	38	FullDelay	0	0	1	0
12.2005	6	1	52	LastDelay	0.000545847	545.847	1	3
12.2005	6	1	52	FullDelay	6.10055	6.10055e+06	2	3
12.5	12	1	38	LastDelay	0	0	1	0
12.5	12	1	38	FullDelay	0	0	1	0
13.3	3	1	49	LastDelay	0	0	1	0
13.3	3	1	49	FullDelay	0	0	1	0
13.3022	12	1	17	LastDelay	0.00218152	2181.52	1	7
13.3022	12	1	17	FullDelay	9.10218	9.10218e+06	5	7
13.4021	9	1	42	LastDelay	0.00213428	2134.28	1	9
13.4021	9	1	42	FullDelay	0.00213428	2134.28	1	9
14.2	12	1	42	LastDelay	0	0	1	0
14.2	12	1	42	FullDelay	0	0	1	0
14.5	3	1	42	LastDelay	0	0	1	0
14.5	3	1	42	FullDelay	3.2	3.2e+06	2	0
14.5028	9	1	39	LastDelay	0.00275715	2757.16	1	5
14.5028	9	1	39	FullDelay	1.40276	1.40276e+06	2	5
14.9	3	1	52	LastDelay	0	0	1	0
14.9	3	1	52	FullDelay	0	0	1	0
14.9	9	1	46	LastDelay	0	0	1	0
14.9	9	1	46	FullDelay	0	0	1	0
15.9	12	1	44	LastDelay	0	0	1	0
15.9	12	1	44	FullDelay	0	0	1	0
15.9028	9	1	35	LastDelay	0.00277554	2775.54	1	13
15.9028	9	1	35	FullDelay	5.70278	5.70278e+06	4	13
16.3027	9	1	47	LastDelay	0.00265323	2653.23	1	9
16.3027	9	1	47	FullDelay	0.00265323	2653.23	1	9
16.4	3	1	47	LastDelay	0	0	1	0
16.4	3	1	47	FullDelay	3.3	3.3e+06	2	0
16.6	3	1	53	LastDelay	0	0	1	0
16.6	3	1	53	FullDelay	0	0	1	0
16.6059	9	1	20	LastDelay	0.00594101	5941.01	1	13
16.6059	9	1	20	FullDelay	11.9059	1.19059e+07	10	13
16.8	12	1	20	LastDelay	0	0	1	0
16.8	12	1	20	FullDelay	11.4	1.14e+07	6	0
17.8	9	1	49	LastDelay	0	0	1	0
17.8	9	1	49	FullDelay	0	0	1	0
17.8	12	1	46	LastDelay	0	0	1	0
17.8	12	1	46	FullDelay	0	0	1	0
18.1005	9	1	21	LastDelay	0.00046729	467.29	1	2
18.1005	9	1	21	FullDelay	13.3005	1.33005e+07	11	2
18.3005	12	1	24	LastDelay	1.10047	1.10047e+06	1	2
18.3005	12	1	24	FullDelay	12.5005	1.25005e+07	5	2
18.6	3	1	57	LastDelay	0	0	1	0
18.6	3	1	57	FullDelay	0	0	1	0
18.8023	9	1	41	LastDelay	0.00232269	2322.68	1	6
18.8023	9	1	41	FullDelay	5.50232	5.50232e+06	4	6
18.8023	3	1	41	LastDelay	0.902323	902323	1	6
18.8023	3	1	41	FullDelay	7.70232	7.70232e+06	3	6
19.3	9	1	52	LastDelay	0	0	1	0
19.3	9	1	52	FullDelay	0	0	1	0
19.6	12	1	47	LastDelay	0	0	1	0
19.6	12	1	47	FullDelay	0	0	1	0
19.6005	3	1	26	LastDelay	0.000467065	467.065	1	2
19.6005	3	1	26	FullDelay	13.0005	1.30005e+07	6	2
20.1027	9	1	40	LastDelay	0.00267445	2674.45	1	9
20.1027	9	1	40	FullDelay	6.90267	6.90267e+06	5	9
20.3012	3	1	2	LastDelay	1.60115	1.60115e+06	1	7
20.3012	3	1	2	FullDelay	20.1012	2.01012e+07	15	7
20.3012	9	1	2	LastDelay	0.901155	901155	1	7
20.3012	9	1	2	FullDelay	20.1012	2.01012e+07	20	7
20.5029	3	1	4	LastDelay	1.60289	1.60289e+06	1	11
20.5029	3	1	4	FullDelay	20.0029	2.00029e+07	13	11
20.7	9	1	53	LastDelay	0	0	1	0
20.7	9	1	53	FullDelay	0	0	1	0
20.9	3	1	60	LastDelay	0	0	1	0
20.9	3	1	60	FullDelay	0	0	1	0
21.1	12	1	40	LastDelay	0	0	1	0
21.1	12	1	40	FullDelay	7.1	7.1e+06	3	0
21.5	12	1	49	LastDelay	0	0	1	0
21.5	12	1	49	FullDelay	0	0	1	0
22.2	9	1	57	LastDelay	0	0	1	0
22.2	9	1	57	FullDelay	0	0	1	0
22.2008	2	1	22	LastDelay	0.000762623	762.623	1	2
22.2008	2	1	22	FullDelay	18.9008	1.89008e+07	3	2
22.302	9	1	23	LastDelay	1.40199	1.40199e+06	1	10
22.302	9	1	23	FullDelay	16.602	1.6602e+07	13	10
22.3028	3	1	23	LastDelay	0.702758	702758	1	11
22.3028	3	1	23	FullDelay	17.1028	1.71028e+07	7	11
22.3028	12	1	23	LastDelay	1.60276	1.60276e+06	1	11
22.3028	12	1	23	FullDelay	16.6028	1.66028e+07	8	11
22.3049	2	1	23	LastDelay	0.00491772	4917.72	1	11
22.3049	2	1	23	FullDelay	18.9049	1.89049e+07	3	11
22.4007	3	1	21	LastDelay	1.0007	1.0007e+06	1	5
22.4007	3	1	21	FullDelay	17.4007	1.74007e+07	8	5
22.7014	2	1	27	LastDelay	0.0013613	1361.3	1	6
22.7014	2	1	27	FullDelay	18.9014	1.89014e+07	3	6
22.7059	12	1	27	LastDelay	0.105889	105889	1	7
22.7059	12	1	27	FullDelay	15.1059	1.51059e+07	7	7
22.9	3	1	61	LastDelay	0	0	1	0
22.9	3	1	61	FullDelay	0	0	1	0
22.9005	9	1	44	LastDelay	0.000467269	467.269	1	2
22.9005	9	1	44	FullDelay	8.20047	8.20047e+06	6	2
23.6	12	1	52	LastDelay	0	0	1	0
23.6	12	1	52	FullDelay	0	0	1	0
23.8	9	1	60	LastDelay	0	0	1	0
23.8	9	1	60	FullDelay	0	0	1	0
24	2	1	40	LastDelay	0	0	1	0
24	2	1	40	FullDelay	18.9	1.89e+07	3	0
24.2	3	1	36	LastDelay	0	0	1	0
24.2	3	1	36	FullDelay	15.3	1.53e+07	6	0
24.3025	9	1	43	LastDelay	1.50254	1.50254e+06	1	9
24.3025	9	1	43	FullDelay	9.70254	9.70254e+06	6	9
24.3025	12	1	43	LastDelay	1.00254	1.00254e+06	1	9
24.3025	12	1	43	FullDelay	8.50254	8.50254e+06	3	9
24.501	12	1	21	LastDelay	0.00103367	1033.66	1	3
24.501	12	1	21	FullDelay	19.001	1.9001e+07	10	3
24.6005	9	1	50	LastDelay	0.00046729	467.29	1	2
24.6005	9	1	50	FullDelay	5.50047	5.50047e+06	4	2
24.6026	2	1	46	LastDelay	0.00256792	2567.92	1	6
24.6026	2	1	46	FullDelay	18.9026	1.89026e+07	3	6
24.9015	2	1	49	LastDelay	0.00148085	1480.85	1	4
24.9015	2	1	49	FullDelay	18.9015	1.89015e+07	3	4
25.2	9	1	61	LastDelay	0	0	1	0
25.2	9	1	61	FullDelay	0	0	1	0
25.2026	2	1	52	LastDelay	0.00260466	2604.66	1	4
25.2026	2	1	52	FullDelay	18.9026	1.89026e+07	3	4
25.5	3	1	69	LastDelay	0	0	1	0
25.5	3	1	69	FullDelay	0	0	1	0
25.6	12	1	53	LastDelay	0	0	1	0
25.6	12	1	53	FullDelay	0	0	1	0
25.6005	9	1	31	LastDelay	0.00046737	467.37	1	2
25.6005	9	1	31	FullDelay	15.8005	1.58005e+07	12	2
25.7018	9	1	32	LastDelay	0.00179327	1793.27	1	9
25.7018	9	1	32	FullDelay	15.8018	1.58018e+07	12	9
25.7018	3	1	32	LastDelay	1.80179	1.80179e+06	1	9
25.7018	3	1	32	FullDelay	17.2018	1.72018e+07	6	9
25.7018	12	1	32	LastDelay	0.801793	801793	1	9
25.7018	12	1	32	FullDelay	15.9018	1.59018e+07	6	9
26.1005	9	1	54	LastDelay	0.00046737	467.37	1	2
26.1005	9	1	54	FullDelay	4.20047	4.20047e+06	4	2
26.2057	3	1	64	LastDelay	1.20571	1.20571e+06	1	8
26.2057	3	1	64	FullDelay	1.20571	1.20571e+06	1	8
26.3029	3	1	65	LastDelay	1.20286	1.20286e+06	1	7
26.3029	3	1	65	FullDelay	1.20286	1.20286e+06	1	7
26.603	3	1	63	LastDelay	1.70304	1.70304e+06	1	10
26.603	3	1	63	FullDelay	1.70304	1.70304e+06	1	10
26.7	9	1	64	LastDelay	0	0	1	0
26.7	9	1	64	FullDelay	0	0	1	0
26.7034	2	1	69	LastDelay	0.00340554	3405.54	1	7
26.7034	2	1	69	FullDelay	12.9034	1.29034e+07	2	7
26.9	3	1	43	LastDelay	0	0	1	0
26.9	3	1	43	FullDelay	15.5	1.55e+07	5	0
27.3117	2	1	75	LastDelay	0.0117237	11723.7	1	8
27.3117	2	1	75	FullDelay	12.9117	1.29117e+07	2	8
27.7005	9	1	58	LastDelay	0.100546	100546	1	3
27.7005	9	1	58	FullDelay	4.10055	4.10055e+06	3	3
27.9	9	1	65	LastDelay	0	0	1	0
27.9	9	1	65	FullDelay	0	0	1	0
27.9	12	1	60	LastDelay	0	0	1	0
27.9	12	1	60	FullDelay	0	0	1	0
28	3	1	70	LastDelay	0	0	1	0
28	3	1	70	FullDelay	0	0	1	0
28.6	3	1	75	LastDelay	0	0	1	0
28.6	3	1	75	FullDelay	0	0	1	0
28.6009	12	1	16	LastDelay	0.000890029	890.029	1	2
28.6009	12	1	16	FullDelay	24.5009	2.45009e+07	14	2
28.7005	9	1	56	LastDelay	0.00046737	467.37	1	2
28.7005	9	1	56	FullDelay	6.60047	6.60047e+06	5	2
28.8054	2	1	90	LastDelay	0.00544754	5447.54	1	6
28.8054	2	1	90	FullDelay	12.9054	1.29054e+07	2	6
29	9	1	66	LastDelay	0	0	1	0
29	9	1	66	FullDelay	0	0	1	0
29.1005	9	1	14	LastDelay	0.00046737	467.37	1	2
29.1005	9	1	14	FullDelay	26.3005	2.63005e+07	22	2
29.5	3	1	81	LastDelay	0	0	1	0
29.5	3	1	81	FullDelay	0	0	1	0
29.5005	9	1	45	LastDelay	0.100546	100546	1	3
29.5005	9	1	45	FullDelay	14.7005	1.47005e+07	10	3
30.1006	9	1	68	LastDelay	0.000625975	625.975	1	4
30.1006	9	1	68	FullDelay	0.000625975	625.975	1	4
30.1006	3	1	68	LastDelay	1.20063	1.20063e+06	1	4
30.1006	3	1	68	FullDelay	4.70063	4.70063e+06	2	4
30.2	12	1	61	LastDelay	0	0	1	0
30.2	12	1	61	FullDelay	0	0	1	0
30.8	3	1	82	LastDelay	0	0	1	0
30.8	3	1	82	FullDelay	0	0	1	0
31	9	1	69	LastDelay	0	0	1	0
31	9	1	69	FullDelay	0	0	1	0
31.8005	9	1	67	LastDelay	0.00046737	467.37	1	2
31.8005	9	1	67	FullDelay	1.80047	1.80047e+06	2	2
31.9	9	1	70	LastDelay	0	0	1	0
31.9	9	1	70	FullDelay	0	0	1	0
32.6019	12	1	63	LastDelay	0.00193233	1932.33	1	3
32.6019	12	1	63	FullDelay	0.00193233	1932.33	1	3
32.7073	2	1	129	LastDelay	0.00729861	7298.61	1	6
32.7073	2	1	129	FullDelay	12.9073	1.29073e+07	2	6
33	3	1	90	LastDelay	0	0	1	0
33	3	1	90	FullDelay	0	0	1	0
33.1027	12	1	1	LastDelay	0.402705	402705	1	8
33.1027	12	1	1	FullDelay	33.0027	3.30027e+07	21	8
33.2	9	1	75	LastDelay	0	0	1	0
33.2	9	1	75	FullDelay	0	0	1	0
34.002	2	1	11	LastDelay	0.00204753	2047.53	1	6
34.002	2	1	11	FullDelay	31.802	3.1802e+07	4	6
34.1019	12	1	12	LastDelay	1.0019	1.0019e+06	1	5
34.1019	12	1	12	FullDelay	31.1019	3.11019e+07	17	5
34.404	2	1	15	LastDelay	0.00398462	3984.62	1	6
34.404	2	1	15	FullDelay	31.804	3.1804e+07	4	6
34.7	9	1	79	LastDelay	0	0	1	0
34.7	9	1	79	FullDelay	0	0	1	0
34.9026	3	1	20	LastDelay	1.50265	1.50265e+06	1	8
34.9026	3	1	20	FullDelay	30.0026	3.00026e+07	12	8
35.1	12	1	64	LastDelay	0	0	1	0
35.1	12	1	64	FullDelay	0	0	1	0
35.1005	2	1	135	LastDelay	0.000546264	546.264	1	3
35.1005	2	1	135	FullDelay	0.000546264	546.264	1	3
35.1027	9	1	51	LastDelay	0.00268244	2682.44	1	5
35.1027	9	1	51	FullDelay	15.9027	1.59027e+07	13	5
35.3	3	1	92	LastDelay	0	0	1	0
35.3	3	1	92	FullDelay	0	0	1	0
35.9	3	1	51	LastDelay	0	0	1	0
35.9	3	1	51	FullDelay	21.1	2.11e+07	6	0
35.9005	9	1	74	LastDelay	0.00046737	467.37	1	2
35.9005	9	1	74	FullDelay	2.80047	2.80047e+06	2	2
36.3	9	1	81	LastDelay	0	0	1	0
36.3	9	1	81	FullDelay	0	0	1	0
36.4006	12	1	45	LastDelay	0.000624571	624.571	1	3
36.4006	12	1	45	FullDelay	18.7006	1.87006e+07	7	3
36.4022	12	1	19	LastDelay	0.802213	802213	1	9
36.4022	12	1	19	FullDelay	31.1022	3.11022e+07	16	9
36.6064	2	1	24	LastDelay	0.00635667	6356.68	1	5
36.6064	2	1	24	FullDelay	33.1064	3.31064e+07	4	5
36.6075	9	1	24	LastDelay	0.207466	207466	1	5
36.6075	9	1	24	FullDelay	30.8075	3.08075e+07	23	5
37.1005	9	1	71	LastDelay	0.000546471	546.471	1	3
37.1005	9	1	71	FullDelay	4.30055	4.30055e+06	4	3
37.1005	3	1	71	LastDelay	0.500547	500547	1	3
37.1005	3	1	71	FullDelay	9.00055	9.00055e+06	3	3
37.3	12	1	65	LastDelay	0	0	1	0
37.3	12	1	65	FullDelay	0	0	1	0
37.3014	9	1	73	LastDelay	0.00138327	1383.27	1	7
37.3014	9	1	73	FullDelay	4.30138	4.30138e+06	4	7
37.3023	3	1	73	LastDelay	0.502287	502287	1	6
37.3023	3	1	73	FullDelay	9.00229	9.00229e+06	3	6
37.4026	2	1	33	LastDelay	0.00259586	2595.86	1	6
37.4026	2	1	33	FullDelay	33.0026	3.30026e+07	4	6
37.5016	12	1	34	LastDelay	1.50157	1.50157e+06	1	6
37.5016	12	1	34	FullDelay	27.5016	2.75016e+07	11	6
37.7	3	1	93	LastDelay	0	0	1	0
37.7	3	1	93	FullDelay	0	0	1	0
37.7	9	1	82	LastDelay	0	0	1	0
37.7	9	1	82	FullDelay	0	0	1	0
37.9005	12	1	48	LastDelay	1.40047	1.40047e+06	1	2
37.9005	12	1	48	FullDelay	16.5005	1.65005e+07	6	2
38.2023	2	1	42	LastDelay	0.00232753	2327.53	1	5
38.2023	2	1	42	FullDelay	32.9023	3.29023e+07	4	5
38.6	3	1	34	LastDelay	0	0	1	0
38.6	3	1	34	FullDelay	29.9	2.99e+07	10	0
39	3	1	45	LastDelay	0	0	1	0
39	3	1	45	FullDelay	27	2.7e+07	8	0
39.4046	2	1	57	LastDelay	0.00460904	4609.03	1	4
39.4046	2	1	57	FullDelay	32.6046	3.26046e+07	4	4
39.5	9	1	90	LastDelay	0	0	1	0
39.5	9	1	90	FullDelay	0	0	1	0
39.5	12	1	69	LastDelay	0	0	1	0
39.5	12	1	69	FullDelay	0	0	1	0
39.7022	2	1	60	LastDelay	0.00215863	2158.63	1	9
39.7022	2	1	60	FullDelay	32.6022	3.26022e+07	4	9
39.9	2	1	63	LastDelay	0	0	1	0
39.9	2	1	63	FullDelay	26.7	2.67e+07	3	0
40.3	3	1	95	LastDelay	0	0	1	0
40.3	3	1	95	FullDelay	0	0	1	0
40.302	3	1	67	LastDelay	0.80198	801980	1	7
40.302	3	1	67	FullDelay	15.002	1.5002e+07	4	7
40.302	12	1	67	LastDelay	1.00198	1.00198e+06	1	7
40.302	12	1	67	FullDelay	1.00198	1.00198e+06	1	7
40.4005	9	1	77	LastDelay	0.00046737	467.37	1	2
40.4005	9	1	77	FullDelay	5.90047	5.90047e+06	5	2
40.7039	9	1	72	LastDelay	0.50394	503940	1	9
40.7039	9	1	72	FullDelay	7.80394	7.80394e+06	6	9
40.9006	9	1	85	LastDelay	0.00062518	625.18	1	4
40.9006	9	1	85	FullDelay	1.90063	1.90063e+06	2	4
41.4	9	1	92	LastDelay	0	0	1	0
41.4	9	1	92	FullDelay	0	0	1	0
41.6011	2	1	82	LastDelay	0.00110651	1106.51	1	4
41.6011	2	1	82	FullDelay	26.5011	2.65011e+07	3	4
41.8	12	1	72	LastDelay	0	0	1	0
41.8	12	1	72	FullDelay	0	0	1	0
41.8015	3	1	59	LastDelay	0.101535	101535	1	4
41.8015	3	1	59	FullDelay	21.0015	2.10015e+07	6	4
41.8015	9	1	59	LastDelay	0.00153479	1534.79	1	4
41.8015	9	1	59	FullDelay	18.1015	1.81015e+07	14	4
41.802	12	1	59	LastDelay	0.501984	501984	1	3
41.802	12	1	59	FullDelay	14.002	1.4002e+07	5	3
41.9	3	1	72	LastDelay	0	0	1	0
41.9	3	1	72	FullDelay	13.7	1.37e+07	4	0
42.7	3	1	89	LastDelay	0	0	1	0
42.7	3	1	89	FullDelay	9.8	9.8e+06	3	0
42.7005	3	1	39	LastDelay	1.40047	1.40047e+06	1	2
42.7005	3	1	39	FullDelay	31.8005	3.18005e+07	10	2
42.9	3	1	97	LastDelay	0	0	1	0
42.9	3	1	97	FullDelay	0	0	1	0
42.9	9	1	89	LastDelay	0	0	1	0
42.9	9	1	89	FullDelay	3.5	3.5e+06	2	0
43	9	1	93	LastDelay	0	0	1	0
43	9	1	93	FullDelay	0	0	1	0
43.0031	2	1	97	LastDelay	0.00307664	3076.64	1	7
43.0031	2	1	97	FullDelay	26.4031	2.64031e+07	3	7
43.6014	2	1	103	LastDelay	0.00143369	1433.69	1	7
43.6014	2	1	103	FullDelay	26.4014	2.64014e+07	3	7
44	12	1	73	LastDelay	0	0	1	0
44	12	1	73	FullDelay	0	0	1	0
44.204	2	1	109	LastDelay	0.0040007	4000.7	1	9
44.204	2	1	109	FullDelay	26.404	2.6404e+07	3	9
44.6	9	1	95	LastDelay	0	0	1	0
44.6	9	1	95	FullDelay	0	0	1	0
44.7005	9	1	30	LastDelay	0.00046729	467.29	1	2
44.7005	9	1	30	FullDelay	35.0005	3.50005e+07	26	2
45.4	3	1	98	LastDelay	0	0	1	0
45.4	3	1	98	FullDelay	0	0	1	0
45.6043	6	1	396	LastDelay	0.00426516	4265.16	1	12
45.6043	6	1	396	FullDelay	0.00426516	4265.16	1	12
45.7	6	1	1	LastDelay	0	0	1	0
45.7	6	1	1	FullDelay	45.6	4.56e+07	5	0
46.0005	9	1	91	LastDelay	0.00046737	467.37	1	2
46.0005	9	1	91	FullDelay	4.70047	4.70047e+06	3	2
46.2046	2	1	130	LastDelay	0.00456086	4560.86	1	8
46.2046	2	1	130	FullDelay	26.3046	2.63046e+07	3	8
46.3	9	1	98	LastDelay	0	0	1	0
46.3	9	1	98	FullDelay	0	0	1	0
46.3	12	1	75	LastDelay	0	0	1	0
46.3	12	1	75	FullDelay	0	0	1	0
46.9	6	1	15	LastDelay	0	0	1	0
46.9	6	1	15	FullDelay	45.1	4.51e+07	3	0
47.2025	6	1	19	LastDelay	0.00246859	2468.59	1	5
47.2025	6	1	19	FullDelay	44.4025	4.44025e+07	3	5
47.6	6	1	23	LastDelay	0	0	1	0
47.6	6	1	23	FullDelay	44.4	4.44e+07	3	0
47.7	3	1	99	LastDelay	0	0	1	0
47.7	3	1	99	FullDelay	0	0	1	0
47.7	6	1	24	LastDelay	0	0	1	0
47.7	6	1	24	FullDelay	44.4	4.44e+07	3	0
48	6	1	27	LastDelay	0	0	1	0
48	6	1	27	FullDelay	44.4	4.44e+07	3	0
48.1	9	1	102	LastDelay	0	0	1	0
48.1	9	1	102	FullDelay	0	0	1	0
48.4005	12	1	70	LastDelay	0.000466979	466.979	1	2
48.4005	12	1	70	FullDelay	6.80047	6.80047e+06	3	2
48.402	2	1	4	LastDelay	0.00201701	2017.01	1	5
48.402	2	1	4	FullDelay	47.902	4.7902e+07	7	5
48.6	6	1	33	LastDelay	0	0	1	0
48.6	6	1	33	FullDelay	44.4	4.44e+07	3	0
48.6025	2	1	8	LastDelay	0.00252276	2522.76	1	3
48.6025	2	1	8	FullDelay	47.6025	4.76025e+07	7	3
48.9	12	1	79	LastDelay	0	0	1	0
48.9	12	1	79	FullDelay	0	0	1	0
49.2012	2	1	17	LastDelay	0.00118698	1186.98	1	5
49.2012	2	1	17	FullDelay	46.4012	4.64012e+07	6	5
49.3	2	1	19	LastDelay	0	0	1	0
49.3	2	1	19	FullDelay	46.3	4.63e+07	6	0
49.3	6	1	40	LastDelay	0	0	1	0
49.3	6	1	40	FullDelay	44.4	4.44e+07	3	0
49.5	6	1	42	LastDelay	0	0	1	0
49.5	6	1	42	FullDelay	44.4	4.44e+07	3	0
49.6005	9	1	97	LastDelay	0.000467189	467.189	1	2
49.6005	9	1	97	FullDelay	3.40047	3.40047e+06	2	2
49.7005	9	1	99	LastDelay	0.000467269	467.269	1	2
49.7005	9	1	99	FullDelay	1.90047	1.90047e+06	2	2
49.7042	2	1	26	LastDelay	0.00417293	4172.93	1	7
49.7042	2	1	26	FullDelay	46.0042	4.60042e+07	5	7
49.7042	6	1	26	LastDelay	1.80417	1.80417e+06	1	7
49.7042	6	1	26	FullDelay	46.2042	4.62042e+07	3	7
49.8012	3	1	28	LastDelay	1.50119	1.50119e+06	1	5
49.8012	3	1	28	FullDelay	43.0012	4.30012e+07	15	5
49.9	9	1	103	LastDelay	0	0	1	0
49.9	9	1	103	FullDelay	0	0	1	0
49.9015	12	1	41	LastDelay	0.00152557	1525.57	1	3
49.9015	12	1	41	FullDelay	35.8015	3.58015e+07	14	3
50.0005	9	1	48	LastDelay	0.000467269	467.269	1	2
50.0005	9	1	48	FullDelay	32.3005	3.23005e+07	23	2
50.0018	3	1	30	LastDelay	1.60179	1.60179e+06	1	8
50.0018	3	1	30	FullDelay	41.7018	4.17018e+07	15	8
50.1005	9	1	55	LastDelay	0.00046729	467.29	1	2
50.1005	9	1	55	FullDelay	28.1005	2.81005e+07	21	2
50.3	3	1	102	LastDelay	0	0	1	0
50.3	3	1	102	FullDelay	0	0	1	0
50.4028	2	1	34	LastDelay	0.00275656	2756.56	1	5
50.4028	2	1	34	FullDelay	45.9028	4.59028e+07	5	5
50.6012	6	1	36	LastDelay	1.70116	1.70116e+06	1	3
50.6012	6	1	36	FullDelay	46.1012	4.61012e+07	3	3
50.6012	2	1	36	LastDelay	0.00116056	1160.56	1	3
50.6012	2	1	36	FullDelay	45.9012	4.59012e+07	5	3
50.7021	6	1	37	LastDelay	1.70212	1.70212e+06	1	6
50.7021	6	1	37	FullDelay	46.1021	4.61021e+07	3	6
50.7021	2	1	37	LastDelay	0.00211754	2117.54	1	6
50.7021	2	1	37	FullDelay	45.9021	4.59021e+07	5	6
51.2	6	1	60	LastDelay	0	0	1	0
51.2	6	1	60	FullDelay	44.3	4.43e+07	2	0
51.5	12	1	81	LastDelay	0	0	1	0
51.5	12	1	81	FullDelay	0	0	1	0
51.5038	2	1	47	LastDelay	0.00377769	3777.69	1	6
51.5038	2	1	47	FullDelay	45.7038	4.57038e+07	5	6
51.5038	6	1	47	LastDelay	1.50378	1.50378e+06	1	6
51.5038	6	1	47	FullDelay	45.9038	4.59038e+07	3	6
51.7	9	1	106	LastDelay	0	0	1	0
51.7	9	1	106	FullDelay	0	0	1	0
51.9019	12	1	68	LastDelay	1.00193	1.00193e+06	1	6
51.9019	12	1	68	FullDelay	12.5019	1.25019e+07	5	6
52	6	1	69	LastDelay	0	0	1	0
52	6	1	69	FullDelay	39.1	3.91e+07	2	0
52.1027	2	1	55	LastDelay	0.00267001	2670.01	1	8
52.1027	2	1	55	FullDelay	45.5027	4.55027e+07	5	8
52.2015	12	1	56	LastDelay	1.80146	1.80146e+06	1	5
52.2015	12	1	56	FullDelay	24.7015	2.47015e+07	10	5
52.5005	9	1	86	LastDelay	0.00046653	466.53	1	2
52.5005	9	1	86	FullDelay	13.4005	1.34005e+07	9	2
52.6	6	1	75	LastDelay	0	0	1	0
52.6	6	1	75	FullDelay	39.1	3.91e+07	2	0
52.8005	9	1	94	LastDelay	0.00046737	467.37	1	2
52.8005	9	1	94	FullDelay	8.30047	8.30047e+06	5	2
52.9	3	1	103	LastDelay	0	0	1	0
52.9	3	1	103	FullDelay	0	0	1	0
52.9009	9	1	96	LastDelay	0.000889742	889.742	1	3
52.9009	9	1	96	FullDelay	6.80089	6.80089e+06	5	3
53.2028	2	1	67	LastDelay	0.00275927	2759.27	1	6
53.2028	2	1	67	FullDelay	39.6028	3.96028e+07	4	6
53.4	9	1	108	LastDelay	0	0	1	0
53.4	9	1	108	FullDelay	0	0	1	0
53.5005	9	1	62	LastDelay	0.00046737	467.37	1	2
53.5005	9	1	62	FullDelay	27.0005	2.70005e+07	19	2
53.5005	3	1	62	LastDelay	1.70047	1.70047e+06	1	2
53.5005	3	1	62	FullDelay	28.7005	2.87005e+07	7	2
53.5036	12	1	71	LastDelay	0.203645	203645	1	9
53.5036	12	1	71	FullDelay	11.8036	1.18036e+07	5	9
53.8	12	1	82	LastDelay	0	0	1	0
53.8	12	1	82	FullDelay	0	0	1	0
54.1	6	1	90	LastDelay	0	0	1	0
54.1	6	1	90	FullDelay	39.1	3.91e+07	2	0
54.102	9	1	78	LastDelay	0.30198	301980	1	9
54.102	9	1	78	FullDelay	19.502	1.9502e+07	11	9
54.102	12	1	78	LastDelay	0.40198	401980	1	9
54.102	12	1	78	FullDelay	5.30198	5.30198e+06	2	9
54.6021	9	1	83	LastDelay	0.6021	602100	1	8
54.6021	9	1	83	FullDelay	15.8021	1.58021e+07	10	8
54.8	9	1	109	LastDelay	0	0	1	0
54.8	9	1	109	FullDelay	0	0	1	0
55	6	1	99	LastDelay	0	0	1	0
55	6	1	99	FullDelay	39.1	3.91e+07	2	0
55.2023	9	1	84	LastDelay	0.00233682	2336.82	1	9
55.2023	9	1	84	FullDelay	16.3023	1.63023e+07	11	9
55.2048	2	1	84	LastDelay	0.504847	504847	1	11
55.2048	2	1	84	FullDelay	39.9048	3.99048e+07	4	11
55.2071	6	1	84	LastDelay	1.70711	1.70711e+06	1	9
55.2071	6	1	84	FullDelay	40.8071	4.08071e+07	2	9
55.3019	6	1	102	LastDelay	0.00189195	1891.95	1	5
55.3019	6	1	102	FullDelay	39.1019	3.91019e+07	2	5
55.4	6	1	103	LastDelay	0	0	1	0
55.4	6	1	103	FullDelay	39.1	3.91e+07	2	0
55.4009	12	1	62	LastDelay	0.000888803	888.803	1	2
55.4009	12	1	62	FullDelay	22.9009	2.29009e+07	9	2
55.4029	9	1	88	LastDelay	0.00293642	2936.42	1	4
55.4029	9	1	88	FullDelay	16.1029	1.61029e+07	11	4
55.5011	3	1	66	LastDelay	1.1011	1.1011e+06	1	4
55.5011	3	1	66	FullDelay	30.3011	3.03011e+07	8	4
55.5021	12	1	66	LastDelay	0.00212159	2121.59	1	5
55.5021	12	1	66	FullDelay	16.3021	1.63021e+07	8	5
55.7	3	1	106	LastDelay	0	0	1	0
55.7	3	1	106	FullDelay	0	0	1	0
55.7	6	1	106	LastDelay	0	0	1	0
55.7	6	1	106	FullDelay	39.1	3.91e+07	2	0
55.9	9	1	110	LastDelay	0	0	1	0
55.9	9	1	110	FullDelay	0	0	1	0
56	6	1	109	LastDelay	0	0	1	0
56	6	1	109	FullDelay	39.1	3.91e+07	2	0
56.0028	2	1	98	LastDelay	0.00275218	2752.18	1	5
56.0028	2	1	98	FullDelay	39.3028	3.93028e+07	4	5
56.0061	6	1	98	LastDelay	1.10612	1.10612e+06	1	5
56.0061	6	1	98	FullDelay	40.2061	4.02061e+07	2	5
56.1	12	1	84	LastDelay	0	0	1	0
56.1	12	1	84	FullDelay	0	0	1	0
56.8	9	1	111	LastDelay	0	0	1	0
56.8	9	1	111	FullDelay	0	0	1	0
56.9015	9	1	107	LastDelay	1.10154	1.10154e+06	1	8
56.9015	9	1	107	FullDelay	3.60154	3.60154e+06	2	8
57.6	6	1	125	LastDelay	0	0	1	0
57.6	6	1	125	FullDelay	39.1	3.91e+07	2	0
57.6	9	1	112	LastDelay	0	0	1	0
57.6	9	1	112	FullDelay	0	0	1	0
57.8	6	1	127	LastDelay	0	0	1	0
57.8	6	1	127	FullDelay	39.1	3.91e+07	2	0
57.9	3	1	84	LastDelay	0	0	1	0
57.9	3	1	84	FullDelay	25.5	2.55e+07	6	0
58	6	1	129	LastDelay	0	0	1	0
58	6	1	129	FullDelay	39.1	3.91e+07	2	0
58.3	3	1	88	LastDelay	0	0	1	0
58.3	3	1	88	FullDelay	25.5	2.55e+07	6	0
58.3005	6	1	132	LastDelay	0.000467137	467.137	1	2
58.3005	6	1	132	FullDelay	39.1005	3.91005e+07	2	2
58.302	9	1	105	LastDelay	0.00198215	1982.15	1	15
58.302	9	1	105	FullDelay	6.70198	6.70198e+06	4	15
58.4	12	1	88	LastDelay	0	0	1	0
58.4	12	1	88	FullDelay	0	0	1	0
58.6	3	1	108	LastDelay	0	0	1	0
58.6	3	1	108	FullDelay	0	0	1	0
58.602	12	1	3	LastDelay	0.00203822	2038.22	1	5
58.602	12	1	3	FullDelay	58.302	5.8302e+07	31	5
58.7	3	1	3	LastDelay	0	0	1	0
58.7	3	1	3	FullDelay	58.4	5.84e+07	29	0
58.8	9	1	117	LastDelay	0	0	1	0
58.8	9	1	117	FullDelay	0	0	1	0
58.9005	12	1	22	LastDelay	0.000467176	467.176	1	2
58.9005	12	1	22	FullDelay	53.3005	5.33005e+07	25	2
59.5005	2	1	134	LastDelay	0.000467568	467.568	1	2
59.5005	2	1	134	FullDelay	37.7005	3.77005e+07	4	2
59.5005	6	1	134	LastDelay	1.00047	1.00047e+06	1	2
59.5005	6	1	134	FullDelay	40.1005	4.01005e+07	2	2
59.7039	6	1	146	LastDelay	0.00393315	3933.15	1	7
59.7039	6	1	146	FullDelay	39.1039	3.91039e+07	2	7
60.1	9	1	120	LastDelay	0	0	1	0
60.1	9	1	120	FullDelay	0	0	1	0
60.104	12	1	76	LastDelay	0.00400014	4000.14	1	5
60.104	12	1	76	FullDelay	11.504	1.1504e+07	6	5
60.3005	9	1	76	LastDelay	0.00046737	467.37	1	2
60.3005	9	1	76	FullDelay	25.9005	2.59005e+07	19	2
60.6	2	1	146	LastDelay	0	0	1	0
60.6	2	1	146	FullDelay	12.9	1.29e+07	2	0
60.7	12	1	89	LastDelay	0	0	1	0
60.7	12	1	89	FullDelay	0	0	1	0
61.2	2	1	3	LastDelay	0	0	1	0
61.2	2	1	3	FullDelay	60.9	6.09e+07	8	0
61.2006	12	1	31	LastDelay	0.000624943	624.943	1	4
61.2006	12	1	31	FullDelay	51.5006	5.15006e+07	22	4
61.4	3	1	109	LastDelay	0	0	1	0
61.4	3	1	109	FullDelay	0	0	1	0
61.7008	12	1	54	LastDelay	0.000782802	782.802	1	6
61.7008	12	1	54	FullDelay	34.4008	3.44008e+07	16	6
61.8	9	1	125	LastDelay	0	0	1	0
61.8	9	1	125	FullDelay	0	0	1	0
61.9	3	1	31	LastDelay	0	0	1	0
61.9	3	1	31	FullDelay	53.5	5.35e+07	20	0
62.301	2	1	20	LastDelay	0.00104764	1047.64	1	4
62.301	2	1	20	FullDelay	59.201	5.9201e+07	7	4
62.4	3	1	54	LastDelay	0	0	1	0
62.4	3	1	54	FullDelay	44.1	4.41e+07	13	0
62.7	12	1	90	LastDelay	0	0	1	0
62.7	12	1	90	FullDelay	0	0	1	0
62.7022	2	1	28	LastDelay	0.0021571	2157.1	1	5
62.7022	2	1	28	FullDelay	58.8022	5.88022e+07	6	5
62.9029	9	1	118	LastDelay	0.00289018	2890.18	1	9
62.9029	9	1	118	FullDelay	3.00289	3.00289e+06	3	9
63.1017	9	1	121	LastDelay	0.00173777	1737.77	1	4
63.1017	9	1	121	FullDelay	1.70174	1.70174e+06	2	4
63.5	9	1	127	LastDelay	0	0	1	0
63.5	9	1	127	FullDelay	0	0	1	0
64.2	3	1	111	LastDelay	0	0	1	0
64.2	3	1	111	FullDelay	0	0	1	0
64.6	12	1	92	LastDelay	0	0	1	0
64.6	12	1	92	FullDelay	0	0	1	0
64.6005	3	1	27	LastDelay	0.000467239	467.239	1	2
64.6005	3	1	27	FullDelay	57.9005	5.79005e+07	21	2
64.8005	2	1	53	LastDelay	0.000466432	466.432	1	2
64.8005	2	1	53	FullDelay	58.4005	5.84005e+07	6	2
64.9	2	1	54	LastDelay	0	0	1	0
64.9	2	1	54	FullDelay	58.4	5.84e+07	6	0
65.1	9	1	129	LastDelay	0	0	1	0
65.1	9	1	129	FullDelay	0	0	1	0
65.1011	3	1	55	LastDelay	0.00112634	1126.35	1	3
65.1011	3	1	55	FullDelay	46.7011	4.67011e+07	14	3
65.4029	12	1	51	LastDelay	0.00289264	2892.64	1	4
65.4029	12	1	51	FullDelay	41.9029	4.19029e+07	19	4
65.6005	9	1	101	LastDelay	0.00046653	466.53	1	2
65.6005	9	1	101	FullDelay	17.6005	1.76005e+07	13	2
66.4005	9	1	123	LastDelay	0.00046653	466.53	1	2
66.4005	9	1	123	FullDelay	4.80047	4.80047e+06	4	2
66.4005	6	1	213	LastDelay	0.000467137	467.137	1	2
66.4005	6	1	213	FullDelay	39.1005	3.91005e+07	2	2
66.501	2	1	72	LastDelay	0.001047	1047.01	1	5
66.501	2	1	72	FullDelay	52.401	5.2401e+07	5	5
66.7	9	1	130	LastDelay	0	0	1	0
66.7	9	1	130	FullDelay	0	0	1	0
66.7028	12	1	74	LastDelay	0.902774	902774	1	7
66.7028	12	1	74	FullDelay	20.5028	2.05028e+07	9	7
66.7028	3	1	74	LastDelay	1.30277	1.30277e+06	1	7
66.7028	3	1	74	FullDelay	38.3028	3.83028e+07	11	7
67.0009	3	1	78	LastDelay	1.30086	1.30086e+06	1	7
67.0009	3	1	78	FullDelay	37.8009	3.78009e+07	10	7
67.1005	9	1	100	LastDelay	0.00046737	467.37	1	2
67.1005	9	1	100	FullDelay	19.2005	1.92005e+07	14	2
67.1005	3	1	100	LastDelay	0.600468	600468	1	2
67.1005	3	1	100	FullDelay	17.0005	1.70005e+07	4	2
67.1006	2	1	79	LastDelay	0.000605254	605.254	1	2
67.1006	2	1	79	FullDelay	52.3006	5.23006e+07	5	2
67.2037	9	1	104	LastDelay	0.00374225	3742.26	1	6
67.2037	9	1	104	FullDelay	15.7037	1.57037e+07	12	6
67.2057	9	1	80	LastDelay	0.305717	305717	1	9
67.2057	9	1	80	FullDelay	31.0057	3.10057e+07	21	9
67.2057	3	1	80	LastDelay	1.30572	1.30572e+06	1	9
67.2057	3	1	80	FullDelay	37.8057	3.78057e+07	10	9
67.2057	12	1	80	LastDelay	1.20572	1.20572e+06	1	9
67.2057	12	1	80	FullDelay	15.8057	1.58057e+07	7	9
67.4	12	1	102	LastDelay	0	0	1	0
67.4	12	1	102	FullDelay	0	0	1	0
67.4006	9	1	114	LastDelay	0.000624948	624.948	1	4
67.4006	9	1	114	FullDelay	8.90062	8.90062e+06	7	4
67.5051	3	1	83	LastDelay	1.50513	1.50513e+06	1	9
67.5051	3	1	83	FullDelay	35.2051	3.52051e+07	9	9
67.5063	2	1	83	LastDelay	0.00628207	6282.07	1	7
67.5063	2	1	83	FullDelay	52.3063	5.23063e+07	5	7
67.5074	12	1	83	LastDelay	1.40735	1.40735e+06	1	9
67.5074	12	1	83	FullDelay	11.5074	1.15074e+07	5	9
67.6	3	1	119	LastDelay	0	0	1	0
67.6	3	1	119	FullDelay	0	0	1	0
67.6005	9	1	116	LastDelay	0.00046653	466.53	1	2
67.6005	9	1	116	FullDelay	8.90047	8.90047e+06	6	2
67.6012	12	1	6	LastDelay	0.00116371	1163.71	1	3
67.6012	12	1	6	FullDelay	66.8012	6.68012e+07	33	3
67.7016	12	1	85	LastDelay	1.50155	1.50155e+06	1	7
67.7016	12	1	85	FullDelay	9.60155	9.60155e+06	5	7
67.8013	3	1	86	LastDelay	1.60132	1.60132e+06	1	7
67.8013	3	1	86	FullDelay	35.2013	3.52013e+07	8	7
68.3	9	1	133	LastDelay	0	0	1	0
68.3	9	1	133	FullDelay	0	0	1	0
68.3058	2	1	92	LastDelay	0.00576531	5765.31	1	8
68.3058	2	1	92	FullDelay	52.2058	5.22058e+07	5	8
68.5028	12	1	94	LastDelay	1.9028	1.9028e+06	1	10
68.5028	12	1	94	FullDelay	1.9028	1.9028e+06	1	10
68.6014	12	1	95	LastDelay	1.90141	1.90141e+06	1	8
68.6014	12	1	95	FullDelay	1.90141	1.90141e+06	1	8
68.6014	2	1	95	LastDelay	0.00140564	1405.64	1	8
68.6014	2	1	95	FullDelay	52.2014	5.22014e+07	5	8
68.7018	9	1	115	LastDelay	0.00180461	1804.61	1	7
68.7018	9	1	115	FullDelay	10.1018	1.01018e+07	8	7
68.7025	3	1	115	LastDelay	1.50245	1.50245e+06	1	10
68.7025	3	1	115	FullDelay	1.50245	1.50245e+06	1	10
69.2	3	1	94	LastDelay	0	0	1	0
69.2	3	1	94	FullDelay	29	2.9e+07	7	0
69.4	3	1	101	LastDelay	0	0	1	0
69.4	3	1	101	FullDelay	19.2	1.92e+07	5	0
69.5	12	1	103	LastDelay	0	0	1	0
69.5	12	1	103	FullDelay	0	0	1	0
69.5005	9	1	135	LastDelay	0.00046737	467.37	1	2
69.5005	9	1	135	FullDelay	0.00046737	467.37	1	2
69.7005	2	1	106	LastDelay	0.000467147	467.147	1	2
69.7005	2	1	106	FullDelay	52.2005	5.22005e+07	5	2
69.9005	9	1	119	LastDelay	0.000467189	467.189	1	2
69.9005	9	1	119	FullDelay	9.90047	9.90047e+06	7	2
70.3	3	1	120	LastDelay	0	0	1	0
70.3	3	1	120	FullDelay	0	0	1	0
70.8	9	1	138	LastDelay	0	0	1	0
70.8	9	1	138	FullDelay	0	0	1	0
71.5	3	1	121	LastDelay	0	0	1	0
71.5	3	1	121	FullDelay	0	0	1	0
71.5038	9	1	128	LastDelay	0.00379048	3790.48	1	7
71.5038	9	1	128	FullDelay	6.50379	6.50379e+06	5	7
71.7	12	1	106	LastDelay	0	0	1	0
71.7	12	1	106	FullDelay	0	0	1	0
72	9	1	139	LastDelay	0	0	1	0
72	9	1	139	FullDelay	0	0	1	0
72.502	9	1	136	LastDelay	0.602038	602038	1	13
72.502	9	1	136	FullDelay	1.90204	1.90204e+06	2	13
73	3	1	124	LastDelay	0	0	1	0
73	3	1	124	FullDelay	0	0	1	0
73.005	12	1	91	LastDelay	0.00496919	4969.19	1	6
73.005	12	1	91	FullDelay	8.50497	8.50497e+06	4	6
73.0066	3	1	91	LastDelay	0.906598	906598	1	9
73.0066	3	1	91	FullDelay	37.8066	3.78066e+07	9	9
73.2	9	1	141	LastDelay	0	0	1	0
73.2	9	1	141	FullDelay	0	0	1	0
73.9024	2	1	1	LastDelay	0.00240172	2401.72	1	3
73.9024	2	1	1	FullDelay	73.8024	7.38024e+07	10	3
74	12	1	108	LastDelay	0	0	1	0
74	12	1	108	FullDelay	0	0	1	0
74.0005	3	1	76	LastDelay	0.000467239	467.239	1	2
74.0005	3	1	76	FullDelay	45.0005	4.50005e+07	14	2
74.3	9	1	142	LastDelay	0	0	1	0
74.3	9	1	142	FullDelay	0	0	1	0
74.5005	9	1	87	LastDelay	0.00046737	467.37	1	2
74.5005	9	1	87	FullDelay	35.3005	3.53005e+07	26	2
74.6	3	1	125	LastDelay	0	0	1	0
74.6	3	1	125	FullDelay	0	0	1	0
74.6011	3	1	50	LastDelay	0.901137	901137	1	4
74.6011	3	1	50	FullDelay	59.9011	5.99011e+07	19	4
75.0005	9	1	131	LastDelay	0.00046737	467.37	1	2
75.0005	9	1	131	FullDelay	6.90047	6.90047e+06	7	2
75.4005	2	1	25	LastDelay	0.000467293	467.293	1	2
75.4005	2	1	25	FullDelay	71.8005	7.18005e+07	7	2
75.6	9	1	145	LastDelay	0	0	1	0
75.6	9	1	145	FullDelay	0	0	1	0
76.2005	9	1	132	LastDelay	0.00046737	467.37	1	2
76.2005	9	1	132	FullDelay	8.00047	8.00047e+06	7	2
76.3	3	1	126	LastDelay	0	0	1	0
76.3	3	1	126	FullDelay	0	0	1	0
76.4	12	1	111	LastDelay	0	0	1	0
76.4	12	1	111	FullDelay	0	0	1	0
76.7	9	1	146	LastDelay	0	0	1	0
76.7	9	1	146	FullDelay	0	0	1	0
76.7029	2	1	39	LastDelay	0.00288944	2889.43	1	7
76.7029	2	1	39	FullDelay	71.7029	7.17029e+07	7	7
77.4029	3	1	48	LastDelay	0.50286	502860	1	7
77.4029	3	1	48	FullDelay	64.2029	6.42029e+07	21	7
77.9	3	1	127	LastDelay	0	0	1	0
77.9	3	1	127	FullDelay	0	0	1	0
77.9006	12	1	97	LastDelay	0.000605203	605.203	1	2
77.9006	12	1	97	FullDelay	11.0006	1.10006e+07	6	2
78	9	1	150	LastDelay	0	0	1	0
78	9	1	150	FullDelay	0	0	1	0
78.9035	6	1	338	LastDelay	0.00349606	3496.06	1	11
78.9035	6	1	338	FullDelay	39.1035	3.91035e+07	2	11
79.0005	9	1	144	LastDelay	0.00046729	467.29	1	2
79.0005	9	1	144	FullDelay	3.50047	3.50047e+06	3	2
79.1	12	1	115	LastDelay	0	0	1	0
79.1	12	1	115	FullDelay	0	0	1	0
79.5	3	1	128	LastDelay	0	0	1	0
79.5	3	1	128	FullDelay	0	0	1	0
79.5	9	1	153	LastDelay	0	0	1	0
79.5	9	1	153	FullDelay	0	0	1	0
79.7098	6	1	346	LastDelay	0.00983758	9837.58	1	7
79.7098	6	1	346	FullDelay	39.1098	3.91098e+07	2	7
79.9005	9	1	124	LastDelay	0.00046737	467.37	1	2
79.9005	9	1	124	FullDelay	18.2005	1.82005e+07	14	2
80.6008	3	1	85	LastDelay	0.100841	100841	1	5
80.6008	3	1	85	FullDelay	48.1008	4.81008e+07	13	5
80.8012	9	1	151	LastDelay	0.0012055	1205.51	1	6
80.8012	9	1	151	FullDelay	1.50121	1.50121e+06	2	6
80.9	9	1	154	LastDelay	0	0	1	0
80.9	9	1	154	FullDelay	0	0	1	0
81.4	3	1	130	LastDelay	0	0	1	0
81.4	3	1	130	FullDelay	0	0	1	0
81.401	9	1	134	LastDelay	0.00104799	1047.99	1	4
81.401	9	1	134	FullDelay	12.001	1.2001e+07	10	4
81.8	12	1	117	LastDelay	0	0	1	0
81.8	12	1	117	FullDelay	0	0	1	0
82.3	9	1	156	LastDelay	0	0	1	0
82.3	9	1	156	FullDelay	0	0	1	0
82.9016	9	1	140	LastDelay	0.0015806	1580.6	1	6
82.9016	9	1	140	FullDelay	9.80158	9.80158e+06	8	6
83.1009	9	1	147	LastDelay	0.000861419	861.419	1	7
83.1009	9	1	147	FullDelay	5.40086	5.40086e+06	5	7
83.1076	2	1	111	LastDelay	0.00757813	7578.13	1	8
83.1076	2	1	111	FullDelay	65.1076	6.51076e+07	6	8
83.5	3	1	133	LastDelay	0	0	1	0
83.5	3	1	133	FullDelay	0	0	1	0
83.501	12	1	100	LastDelay	0.00104724	1047.24	1	5
83.501	12	1	100	FullDelay	16.301	1.6301e+07	7	5
83.8	9	1	160	LastDelay	0	0	1	0
83.8	9	1	160	FullDelay	0	0	1	0
84.1006	2	1	121	LastDelay	0.000624523	624.523	1	4
84.1006	2	1	121	FullDelay	65.1006	6.51006e+07	6	4
84.5	12	1	118	LastDelay	0	0	1	0
84.5	12	1	118	FullDelay	0	0	1	0
84.701	2	1	127	LastDelay	0.00103171	1031.71	1	3
84.701	2	1	127	FullDelay	65.101	6.5101e+07	6	3
85.0005	9	1	158	LastDelay	0.00046729	467.29	1	2
85.0005	9	1	158	FullDelay	1.40047	1.40047e+06	2	2
85.1	9	1	161	LastDelay	0	0	1	0
85.1	9	1	161	FullDelay	0	0	1	0
85.1015	12	1	50	LastDelay	0.00151715	1517.15	1	3
85.1015	12	1	50	FullDelay	61.7015	6.17015e+07	27	3
85.4005	12	1	58	LastDelay	0.000467176	467.176	1	2
85.4005	12	1	58	FullDelay	57.7005	5.77005e+07	24	2
85.4005	3	1	58	LastDelay	1.20047	1.20047e+06	1	2
85.4005	3	1	58	FullDelay	64.7005	6.47005e+07	21	2
85.5015	2	1	137	LastDelay	0.00147712	1477.12	1	4
85.5015	2	1	137	FullDelay	38.7015	3.87015e+07	4	4
85.8	2	1	140	LastDelay	0	0	1	0
85.8	2	1	140	FullDelay	38.7	3.87e+07	4	0
85.8	3	1	136	LastDelay	0	0	1	0
85.8	3	1	136	FullDelay	0	0	1	0
86.2005	9	1	157	LastDelay	0.00046737	467.37	1	2
86.2005	9	1	157	FullDelay	2.70047	2.70047e+06	3	2
86.3021	2	1	145	LastDelay	0.00212648	2126.48	1	4
86.3021	2	1	145	FullDelay	38.7021	3.87021e+07	4	4
86.5	2	1	147	LastDelay	0	0	1	0
86.5	2	1	147	FullDelay	38.7	3.87e+07	4	0
86.6	9	1	164	LastDelay	0	0	1	0
86.6	9	1	164	FullDelay	0	0	1	0
86.6016	2	1	21	LastDelay	0.00155568	1555.68	1	5
86.6016	2	1	21	FullDelay	83.4016	8.34016e+07	8	5
86.7005	9	1	63	LastDelay	0.000467189	467.189	1	2
86.7005	9	1	63	FullDelay	60.1005	6.01005e+07	42	2
86.7026	9	1	148	LastDelay	0.902596	902596	1	6
86.7026	9	1	148	FullDelay	8.9026	8.9026e+06	7	6
87.0005	9	1	126	LastDelay	0.00046729	467.29	1	2
87.0005	9	1	126	FullDelay	23.6005	2.36005e+07	17	2
87.2	12	1	120	LastDelay	0	0	1	0
87.2	12	1	120	FullDelay	0	0	1	0
87.302	9	1	149	LastDelay	0.00202626	2026.26	1	7
87.302	9	1	149	FullDelay	9.40203	9.40203e+06	7	7
87.5005	2	1	12	LastDelay	0.000467394	467.394	1	2
87.5005	2	1	12	FullDelay	85.2005	8.52005e+07	9	2
87.9	9	1	166	LastDelay	0	0	1	0
87.9	9	1	166	FullDelay	0	0	1	0
88.1038	2	1	176	LastDelay	0.00383536	3835.36	1	7
88.1038	2	1	176	FullDelay	12.9038	1.29038e+07	2	7
88.2	3	1	138	LastDelay	0	0	1	0
88.2	3	1	138	FullDelay	0	0	1	0
88.2057	2	1	149	LastDelay	0.00573444	5734.44	1	5
88.2057	2	1	149	FullDelay	38.7057	3.87057e+07	4	5
89.1005	9	1	169	LastDelay	0.00046737	467.37	1	2
89.1005	9	1	169	FullDelay	0.00046737	467.37	1	2
89.2016	12	1	35	LastDelay	1.60161	1.60161e+06	1	6
89.2016	12	1	35	FullDelay	79.1016	7.91016e+07	33	6
89.502	2	1	38	LastDelay	0.00204213	2042.13	1	5
89.502	2	1	38	FullDelay	84.602	8.4602e+07	8	5
89.7	12	1	121	LastDelay	0	0	1	0
89.7	12	1	121	FullDelay	0	0	1	0
89.7006	9	1	155	LastDelay	0.000623639	623.639	1	3
89.7006	9	1	155	FullDelay	7.50062	7.50062e+06	6	3
89.7019	2	1	41	LastDelay	0.00192605	1926.05	1	4
89.7019	2	1	41	FullDelay	84.5019	8.45019e+07	8	4
90.1005	12	1	39	LastDelay	0.000467176	467.176	1	2
90.1005	12	1	39	FullDelay	76.2005	7.62005e+07	33	2
90.4	9	1	171	LastDelay	0	0	1	0
90.4	9	1	171	FullDelay	0	0	1	0
90.8	3	1	140	LastDelay	0	0	1	0
90.8	3	1	140	FullDelay	0	0	1	0
90.9006	12	1	98	LastDelay	0.000582601	582.601	1	3
90.9006	12	1	98	FullDelay	23.9006	2.39006e+07	11	3
91.1005	9	1	162	LastDelay	0.00046737	467.37	1	2
91.1005	9	1	162	FullDelay	4.70047	4.70047e+06	5	2
91.2005	9	1	163	LastDelay	0.00046729	467.29	1	2
91.2005	9	1	163	FullDelay	4.70047	4.70047e+06	4	2
91.3159	6	1	471	LastDelay	0.0159121	15912.1	1	15
91.3159	6	1	471	FullDelay	0.0159121	15912.1	1	15
91.3185	2	1	153	LastDelay	0.0184835	18483.5	1	13
91.3185	2	1	153	FullDelay	38.7185	3.87185e+07	4	13
91.5	6	1	3	LastDelay	0	0	1	0
91.5	6	1	3	FullDelay	91.2	9.12e+07	5	0
91.6	6	1	4	LastDelay	0	0	1	0
91.6	6	1	4	FullDelay	91.1	9.11e+07	5	0
91.6037	2	1	64	LastDelay	0.00366104	3661.04	1	7
91.6037	2	1	64	FullDelay	78.3037	7.83037e+07	7	7
91.8	9	1	174	LastDelay	0	0	1	0
91.8	9	1	174	FullDelay	0	0	1	0
91.8014	9	1	113	LastDelay	1.30137	1.30137e+06	1	4
91.8014	9	1	113	FullDelay	33.4014	3.34014e+07	25	4
91.8014	12	1	113	LastDelay	0.0013729	1372.9	1	4
91.8014	12	1	113	FullDelay	12.9014	1.29014e+07	6	4
91.9	6	1	9	LastDelay	0	0	1	0
91.9	6	1	9	FullDelay	90.8	9.08e+07	4	0
92.1026	9	1	143	LastDelay	0.00258046	2580.46	1	15
92.1026	9	1	143	FullDelay	16.7026	1.67026e+07	13	15
92.2	6	1	12	LastDelay	0	0	1	0
92.2	6	1	12	FullDelay	90.7	9.07e+07	4	0
92.3	12	1	124	LastDelay	0	0	1	0
92.3	12	1	124	FullDelay	0	0	1	0
92.4	3	1	113	LastDelay	0	0	1	0
92.4	3	1	113	FullDelay	25.4	2.54e+07	9	0
92.602	6	1	17	LastDelay	0.00200949	2009.49	1	6
92.602	6	1	17	FullDelay	90.602	9.0602e+07	4	6
92.7	6	1	20	LastDelay	0	0	1	0
92.7	6	1	20	FullDelay	89.8	8.98e+07	4	0
92.8005	6	1	21	LastDelay	0.000467065	467.065	1	2
92.8005	6	1	21	FullDelay	89.8005	8.98005e+07	4	2
92.9005	6	1	22	LastDelay	0.000467059	467.059	1	2
92.9005	6	1	22	FullDelay	89.8005	8.98005e+07	4	2
93.1	6	1	28	LastDelay	0	0	1	0
93.1	6	1	28	FullDelay	89.4	8.94e+07	4	0
93.2	9	1	178	LastDelay	0	0	1	0
93.2	9	1	178	FullDelay	0	0	1	0
93.4	3	1	141	LastDelay	0	0	1	0
93.4	3	1	141	FullDelay	0	0	1	0
93.4005	9	1	137	LastDelay	0.00046737	467.37	1	2
93.4005	9	1	137	FullDelay	22.7005	2.27005e+07	17	2
93.4005	3	1	137	LastDelay	0.100468	100468	1	2
93.4005	3	1	137	FullDelay	5.30047	5.30047e+06	2	2
93.6	2	1	86	LastDelay	0	0	1	0
93.6	2	1	86	FullDelay	78.1	7.81e+07	7	0
93.6009	6	1	34	LastDelay	0.000949814	949.814	1	2
93.6009	6	1	34	FullDelay	89.3009	8.93009e+07	4	2
93.9	6	1	39	LastDelay	0	0	1	0
93.9	6	1	39	FullDelay	89.1	8.91e+07	4	0
93.9005	12	1	109	LastDelay	0.000467136	467.136	1	2
93.9005	12	1	109	FullDelay	17.7005	1.77005e+07	8	2
94	6	1	41	LastDelay	0	0	1	0
94	6	1	41	FullDelay	89	8.9e+07	4	0
94.2	2	1	93	LastDelay	0	0	1	0
94.2	2	1	93	FullDelay	78	7.8e+07	7	0
94.2	6	1	44	LastDelay	0	0	1	0
94.2	6	1	44	FullDelay	88.9	8.89e+07	4	0
94.6028	2	1	156	LastDelay	0.00279435	2794.35	1	5
94.6028	2	1	156	FullDelay	38.7028	3.87028e+07	4	5
94.9	9	1	183	LastDelay	0	0	1	0
94.9	9	1	183	FullDelay	0	0	1	0
95.1005	2	1	102	LastDelay	0.000467177	467.177	1	2
95.1005	2	1	102	FullDelay	78.0005	7.80005e+07	7	2
95.1026	6	1	55	LastDelay	0.00263806	2638.06	1	6
95.1026	6	1	55	FullDelay	88.7026	8.87026e+07	3	6
95.2	12	1	131	LastDelay	0	0	1	0
95.2	12	1	131	FullDelay	0	0	1	0
95.3005	9	1	165	LastDelay	0.00046737	467.37	1	2
95.3005	9	1	165	FullDelay	7.50047	7.50047e+06	6	2
95.5	6	1	59	LastDelay	0	0	1	0
95.5	6	1	59	FullDelay	88.7	8.87e+07	3	0
95.6014	12	1	107	LastDelay	1.80137	1.80137e+06	1	6
95.6014	12	1	107	FullDelay	21.7014	2.17014e+07	8	6
95.6026	2	1	107	LastDelay	0.00256766	2567.66	1	10
95.6026	2	1	107	FullDelay	78.0026	7.80026e+07	7	10
95.7	6	1	63	LastDelay	0	0	1	0
95.7	6	1	63	FullDelay	88.5	8.85e+07	3	0
95.701	2	1	108	LastDelay	0.00102828	1028.28	1	2
95.701	2	1	108	FullDelay	78.001	7.8001e+07	7	2
95.8	6	1	64	LastDelay	0	0	1	0
95.8	6	1	64	FullDelay	83.4	8.34e+07	3	0
96	3	1	142	LastDelay	0	0	1	0
96	3	1	142	FullDelay	0	0	1	0
96.3043	6	1	70	LastDelay	0.00432132	4321.32	1	8
96.3043	6	1	70	FullDelay	83.3043	8.33043e+07	3	8
96.5	6	1	72	LastDelay	0	0	1	0
96.5	6	1	72	FullDelay	83.3	8.33e+07	3	0
96.6	9	1	185	LastDelay	0	0	1	0
96.6	9	1	185	FullDelay	0	0	1	0
96.6007	3	1	105	LastDelay	2.00068	2.00068e+06	1	3
96.6007	3	1	105	FullDelay	41.0007	4.10007e+07	13	3
96.7005	2	1	118	LastDelay	0.000467263	467.263	1	2
96.7005	2	1	118	FullDelay	78.0005	7.80005e+07	7	2
96.8007	9	1	152	LastDelay	0.000683652	683.652	1	3
96.8007	9	1	152	FullDelay	17.4007	1.74007e+07	13	3
96.9005	9	1	159	LastDelay	0.000545269	545.269	1	3
96.9005	9	1	159	FullDelay	13.2005	1.32005e+07	10	3
97.0022	6	1	78	LastDelay	0.00218089	2180.89	1	4
97.0022	6	1	78	FullDelay	83.2022	8.32022e+07	3	4
97.1005	6	1	79	LastDelay	0.000546749	546.749	1	3
97.1005	6	1	79	FullDelay	83.2005	8.32005e+07	3	3
97.1005	3	1	79	LastDelay	0.300547	300547	1	3
97.1005	3	1	79	FullDelay	67.8005	6.78005e+07	22	3
97.2	6	1	80	LastDelay	0	0	1	0
97.2	6	1	80	FullDelay	83.2	8.32e+07	3	0
97.4009	2	1	125	LastDelay	0.000889931	889.931	1	3
97.4009	2	1	125	FullDelay	78.0009	7.80009e+07	7	3
97.5	6	1	83	LastDelay	0	0	1	0
97.5	6	1	83	FullDelay	83.2	8.32e+07	3	0
97.601	6	1	85	LastDelay	0.00104737	1047.37	1	3
97.601	6	1	85	FullDelay	83.101	8.3101e+07	3	3
97.7	6	1	86	LastDelay	0	0	1	0
97.7	6	1	86	FullDelay	83.1	8.31e+07	3	0
97.8028	9	1	179	LastDelay	0.00281996	2819.96	1	9
97.8028	9	1	179	FullDelay	3.30282	3.30282e+06	3	9
97.9	6	1	88	LastDelay	0	0	1	0
97.9	6	1	88	FullDelay	83.1	8.31e+07	3	0
98	12	1	133	LastDelay	0	0	1	0
98	12	1	133	FullDelay	0	0	1	0
98.0005	9	1	181	LastDelay	0.00046737	467.37	1	2
98.0005	9	1	181	FullDelay	3.30047	3.30047e+06	3	2
98.0011	2	1	132	LastDelay	0.00110624	1106.24	1	2
98.0011	2	1	132	FullDelay	77.4011	7.74011e+07	7	2
98.0036	6	1	89	LastDelay	0.00355861	3558.61	1	5
98.0036	6	1	89	FullDelay	83.1036	8.31036e+07	3	5
98.2	6	1	92	LastDelay	0	0	1	0
98.2	6	1	92	FullDelay	83	8.3e+07	3	0
98.2	9	1	186	LastDelay	0	0	1	0
98.2	9	1	186	FullDelay	0	0	1	0
98.2015	2	1	173	LastDelay	0.00153735	1537.35	1	3
98.2015	2	1	173	FullDelay	25.8015	2.58015e+07	3	3
98.3021	2	1	136	LastDelay	0.00207027	2070.27	1	6
98.3021	2	1	136	FullDelay	51.6021	5.16021e+07	5	6
98.5	6	1	95	LastDelay	0	0	1	0
98.5	6	1	95	FullDelay	83	8.3e+07	3	0
98.8	3	1	147	LastDelay	0	0	1	0
98.8	3	1	147	FullDelay	0	0	1	0
98.8025	2	1	141	LastDelay	0.00250082	2500.82	1	3
98.8025	2	1	141	FullDelay	51.6025	5.16025e+07	5	3
99.0018	3	1	143	LastDelay	0.601823	601823	1	7
99.0018	3	1	143	FullDelay	0.601823	601823	1	7
99.1005	2	1	144	LastDelay	0.000545526	545.526	1	3
99.1005	2	1	144	FullDelay	51.6005	5.16005e+07	5	3
99.5	6	1	111	LastDelay	0	0	1	0
99.5	6	1	111	FullDelay	82.4	8.24e+07	3	0
99.6	9	1	189	LastDelay	0	0	1	0
99.6	9	1	189	FullDelay	0	0	1	0
100.3	12	1	126	LastDelay	0.000467176	467.176	1	2
100.3	12	1	126	FullDelay	5.60047	5.60047e+06	3	2
100.401	6	1	120	LastDelay	0.000546054	546.054	1	3
100.401	6	1	120	FullDelay	82.4005	8.24005e+07	3	3
101	12	1	136	LastDelay	0	0	1	0
101	12	1	136	FullDelay	0	0	1	0
101.004	2	1	198	LastDelay	0.00407542	4075.42	1	15
101.004	2	1	198	FullDelay	0.00407542	4075.42	1	15
101.2	9	1	192	LastDelay	0	0	1	0
101.2	9	1	192	FullDelay	0	0	1	0
101.203	2	1	6	LastDelay	0.00328513	3285.13	1	5
101.203	2	1	6	FullDelay	100.403	1.00403e+08	12	5
101.402	12	1	55	LastDelay	0.0018046	1804.61	1	3
101.402	12	1	55	FullDelay	74.0018	7.40018e+07	31	3
101.5	3	1	148	LastDelay	0	0	1	0
101.5	3	1	148	FullDelay	0	0	1	0
101.5	6	1	136	LastDelay	0	0	1	0
101.5	6	1	136	FullDelay	81.9	8.19e+07	3	0
101.503	9	1	168	LastDelay	0.00271201	2712.01	1	10
101.503	9	1	168	FullDelay	12.5027	1.25027e+07	9	10
101.9	6	1	140	LastDelay	0	0	1	0
101.9	6	1	140	FullDelay	81.9	8.19e+07	3	0
101.901	2	1	31	LastDelay	0.00110696	1106.96	1	4
101.901	2	1	31	FullDelay	97.7011	9.77011e+07	9	4
102	6	1	141	LastDelay	0	0	1	0
102	6	1	141	FullDelay	81.9	8.19e+07	3	0
102.101	3	1	35	LastDelay	0.201438	201438	1	6
102.101	3	1	35	FullDelay	93.3014	9.33014e+07	36	6
102.2	2	1	43	LastDelay	0.00046718	467.18	1	2
102.2	2	1	43	FullDelay	96.8005	9.68005e+07	9	2
102.3	6	1	144	LastDelay	0	0	1	0
102.3	6	1	144	FullDelay	81.9	8.19e+07	3	0
102.4	6	1	145	LastDelay	0	0	1	0
102.4	6	1	145	FullDelay	81.9	8.19e+07	3	0
102.5	6	1	147	LastDelay	0	0	1	0
102.5	6	1	147	FullDelay	81.8	8.18e+07	3	0
102.503	2	1	48	LastDelay	0.00274363	2743.64	1	10
102.503	2	1	48	FullDelay	96.6027	9.66027e+07	9	10
102.7	6	1	149	LastDelay	0	0	1	0
102.7	6	1	149	FullDelay	81.8	8.18e+07	3	0
102.8	6	1	150	LastDelay	0	0	1	0
102.8	6	1	150	FullDelay	81.8	8.18e+07	3	0
103.1	6	1	153	LastDelay	0	0	1	0
103.1	6	1	153	FullDelay	81.8	8.18e+07	3	0
103.1	9	1	196	LastDelay	0.000467269	467.269	1	2
103.1	9	1	196	FullDelay	0.000467269	467.269	1	2
103.5	2	1	70	LastDelay	0	0	1	0
103.5	2	1	70	FullDelay	89.6	8.96e+07	8	0
103.702	2	1	73	LastDelay	0.00207277	2072.77	1	5
103.702	2	1	73	FullDelay	89.5021	8.95021e+07	8	5
103.803	2	1	74	LastDelay	0.00307605	3076.05	1	8
103.803	2	1	74	FullDelay	89.5031	8.95031e+07	8	8
104.2	3	1	149	LastDelay	0	0	1	0
104.2	3	1	149	FullDelay	0	0	1	0
104.2	6	1	164	LastDelay	0	0	1	0
104.2	6	1	164	FullDelay	81.8	8.18e+07	3	0
104.2	12	1	140	LastDelay	0	0	1	0
104.2	12	1	140	FullDelay	0	0	1	0
104.2	9	1	184	LastDelay	0.000466302	466.302	1	2
104.2	9	1	184	FullDelay	7.70047	7.70047e+06	5	2
104.204	2	1	80	LastDelay	0.00360626	3606.26	1	5
104.204	2	1	80	FullDelay	89.3036	8.93036e+07	8	5
104.4	2	1	85	LastDelay	0.00046718	467.18	1	2
104.4	2	1	85	FullDelay	89.0005	8.90005e+07	8	2
104.7	2	1	89	LastDelay	0	0	1	0
104.7	2	1	89	FullDelay	88.9	8.89e+07	8	0
104.9	9	1	197	LastDelay	0.00046737	467.37	1	2
104.9	9	1	197	FullDelay	0.00046737	467.37	1	2
105	6	1	172	LastDelay	0	0	1	0
105	6	1	172	FullDelay	81.8	8.18e+07	3	0
105.001	3	1	96	LastDelay	0.00129455	1294.55	1	9
105.001	3	1	96	FullDelay	62.2013	6.22013e+07	20	9
105.1	6	1	173	LastDelay	0	0	1	0
105.1	6	1	173	FullDelay	81.8	8.18e+07	3	0
105.1	12	1	96	LastDelay	0	0	1	0
105.1	12	1	96	FullDelay	38.3	3.83e+07	16	0
105.204	2	1	100	LastDelay	0.00441404	4414.04	1	12
105.204	2	1	100	FullDelay	88.3044	8.83044e+07	8	12
105.4	6	1	176	LastDelay	0	0	1	0
105.4	6	1	176	FullDelay	81.8	8.18e+07	3	0
105.6	6	1	178	LastDelay	0	0	1	0
105.6	6	1	178	FullDelay	81.8	8.18e+07	3	0
105.603	2	1	110	LastDelay	0.00263028	2630.28	1	5
105.603	2	1	110	FullDelay	87.7026	8.77026e+07	8	5
105.803	12	1	114	LastDelay	0.00269922	2699.22	1	4
105.803	12	1	114	FullDelay	26.8027	2.68027e+07	9	4
106.002	9	1	187	LastDelay	0.00234371	2343.71	1	6
106.002	9	1	187	FullDelay	6.60234	6.60234e+06	5	6
106.201	3	1	117	LastDelay	0.501383	501383	1	5
106.201	3	1	117	FullDelay	38.8014	3.88014e+07	13	5
106.3	6	1	185	LastDelay	0	0	1	0
106.3	6	1	185	FullDelay	81.8	8.18e+07	3	0
106.404	6	1	186	LastDelay	0.00357058	3570.58	1	9
106.404	6	1	186	FullDelay	81.8036	8.18036e+07	3	9
106.6	9	1	198	LastDelay	0	0	1	0
106.6	9	1	198	FullDelay	0	0	1	0
106.8	3	1	150	LastDelay	0	0	1	0
106.8	3	1	150	FullDelay	0	0	1	0
106.803	9	1	190	LastDelay	0.602581	602581	1	9
106.803	9	1	190	FullDelay	5.80258	5.80258e+06	4	9
106.902	12	1	128	LastDelay	0.401928	401928	1	6
106.902	12	1	128	FullDelay	12.0019	1.20019e+07	5	6
107.3	12	1	141	LastDelay	0	0	1	0
107.3	12	1	141	FullDelay	0	0	1	0
107.6	6	1	198	LastDelay	0	0	1	0
107.6	6	1	198	FullDelay	81.8	8.18e+07	3	0
107.903	9	1	193	LastDelay	0.00257059	2570.59	1	4
107.903	9	1	193	FullDelay	5.10257	5.10257e+06	4	4
107.906	6	1	193	LastDelay	0.805958	805958	1	11
107.906	6	1	193	FullDelay	82.606	8.2606e+07	3	11
108.2	2	1	157	LastDelay	0	0	1	0
108.2	2	1	157	FullDelay	51.7	5.17e+07	5	0
108.7	12	1	112	LastDelay	0.000467176	467.176	1	2
108.7	12	1	112	FullDelay	29.9005	2.99005e+07	12	2
108.7	3	1	112	LastDelay	0.800467	800467	1	2
108.7	3	1	112	FullDelay	41.8005	4.18005e+07	15	2
109	9	1	208	LastDelay	0	0	1	0
109	9	1	208	FullDelay	0	0	1	0
109.2	9	1	167	LastDelay	0	0	1	0
109.2	9	1	167	FullDelay	20.3	2.03e+07	14	0
109.3	3	1	151	LastDelay	0	0	1	0
109.3	3	1	151	FullDelay	0	0	1	0
109.601	3	1	132	LastDelay	0.900624	900624	1	4
109.601	3	1	132	FullDelay	26.2006	2.62006e+07	8	4
109.601	12	1	132	LastDelay	0.000624199	624.199	1	4
109.601	12	1	132	FullDelay	11.7006	1.17006e+07	4	4
110	2	1	178	LastDelay	0.000467394	467.394	1	2
110	2	1	178	FullDelay	32.3005	3.23005e+07	3	2
110.1	12	1	142	LastDelay	0	0	1	0
110.1	12	1	142	FullDelay	0	0	1	0
110.201	9	1	191	LastDelay	0.000968736	968.736	1	3
110.201	9	1	191	FullDelay	9.10097	9.10097e+06	5	3
110.608	2	1	184	LastDelay	0.00787354	7873.54	1	8
110.608	2	1	184	FullDelay	29.1079	2.91079e+07	3	8
110.701	2	1	185	LastDelay	0.00147768	1477.68	1	5
110.701	2	1	185	FullDelay	28.1015	2.81015e+07	3	5
110.8	2	1	186	LastDelay	0	0	1	0
110.8	2	1	186	FullDelay	24	2.4e+07	3	0
111.2	12	1	104	LastDelay	0.000467176	467.176	1	2
111.2	12	1	104	FullDelay	39.7005	3.97005e+07	16	2
111.5	2	1	193	LastDelay	0	0	1	0
111.5	2	1	193	FullDelay	12.8	1.28e+07	2	0
111.5	9	1	211	LastDelay	0	0	1	0
111.5	9	1	211	FullDelay	0	0	1	0
111.6	3	1	152	LastDelay	0	0	1	0
111.6	3	1	152	FullDelay	0	0	1	0
111.605	12	1	119	LastDelay	0.00479336	4793.36	1	7
111.605	12	1	119	FullDelay	24.5048	2.45048e+07	9	7
112.31	6	1	246	LastDelay	0.00955528	9555.28	1	4
112.31	6	1	246	FullDelay	81.7096	8.17096e+07	3	4
112.703	9	1	206	LastDelay	1.5029	1.5029e+06	1	12
112.703	9	1	206	FullDelay	3.9029	3.9029e+06	2	12
113.1	12	1	147	LastDelay	0	0	1	0
113.1	12	1	147	FullDelay	0	0	1	0
113.4	2	1	213	LastDelay	0	0	1	0
113.4	2	1	213	FullDelay	0	0	1	0
113.503	12	1	2	LastDelay	0.303101	303101	1	9
113.503	12	1	2	FullDelay	113.303	1.13303e+08	53	9
113.9	3	1	153	LastDelay	0	0	1	0
113.9	3	1	153	FullDelay	0	0	1	0
114.2	9	1	217	LastDelay	0.00046737	467.37	1	2
114.2	9	1	217	FullDelay	0.00046737	467.37	1	2
114.201	2	1	32	LastDelay	0.00147018	1470.18	1	5
114.201	2	1	32	FullDelay	109.901	1.09901e+08	10	5
114.401	2	1	44	LastDelay	0.00148723	1487.23	1	3
114.401	2	1	44	FullDelay	108.901	1.08901e+08	10	3
114.705	2	1	51	LastDelay	0.00482646	4826.46	1	7
114.705	2	1	51	FullDelay	108.505	1.08505e+08	10	7
114.801	12	1	127	LastDelay	0.00115371	1153.71	1	3
114.801	12	1	127	FullDelay	20.0012	2.00012e+07	8	3
115.401	2	1	68	LastDelay	0.000702389	702.389	1	5
115.401	2	1	68	FullDelay	101.701	1.01701e+08	9	5
115.702	2	1	77	LastDelay	0.00155035	1550.35	1	4
115.702	2	1	77	FullDelay	101.102	1.01102e+08	9	4
115.802	2	1	78	LastDelay	0.00224096	2240.96	1	6
115.802	2	1	78	FullDelay	101.102	1.01102e+08	9	6
116	12	1	149	LastDelay	0	0	1	0
116	12	1	149	FullDelay	0	0	1	0
116.2	6	1	285	LastDelay	0.000467137	467.137	1	2
116.2	6	1	285	FullDelay	81.7005	8.17005e+07	3	2
116.3	2	1	94	LastDelay	0.000467264	467.264	1	2
116.3	2	1	94	FullDelay	100	1e+08	9	2
116.5	2	1	99	LastDelay	0.000467293	467.293	1	2
116.5	2	1	99	FullDelay	99.7005	9.97005e+07	9	2
116.6	3	1	158	LastDelay	0	0	1	0
116.6	3	1	158	FullDelay	0	0	1	0
117.202	2	1	115	LastDelay	0.00212537	2125.37	1	8
117.202	2	1	115	FullDelay	98.8021	9.88021e+07	9	8
117.5	2	1	119	LastDelay	0	0	1	0
117.5	2	1	119	FullDelay	98.7	9.87e+07	9	0
117.5	9	1	224	LastDelay	0	0	1	0
117.5	9	1	224	FullDelay	0	0	1	0
117.601	2	1	120	LastDelay	0.00113582	1135.82	1	3
117.601	2	1	120	FullDelay	98.7011	9.87011e+07	9	3
118	12	1	137	LastDelay	0.000466979	466.979	1	2
118	12	1	137	FullDelay	14.1005	1.41005e+07	6	2
118.3	12	1	143	LastDelay	0.000466979	466.979	1	2
118.3	12	1	143	FullDelay	5.60047	5.60047e+06	3	2
118.5	6	1	308	LastDelay	0.000467137	467.137	1	2
118.5	6	1	308	FullDelay	81.7005	8.17005e+07	3	2
118.8	12	1	151	LastDelay	0	0	1	0
118.8	12	1	151	FullDelay	0	0	1	0
118.8	12	1	145	LastDelay	0.300467	300467	1	2
118.8	12	1	145	FullDelay	5.90047	5.90047e+06	3	2
118.803	2	1	148	LastDelay	0.00318725	3187.26	1	8
118.803	2	1	148	FullDelay	70.8032	7.08032e+07	7	8
119.203	3	1	154	LastDelay	0.202567	202567	1	5
119.203	3	1	154	FullDelay	3.00257	3.00257e+06	2	5
119.3	3	1	159	LastDelay	0	0	1	0
119.3	3	1	159	FullDelay	0	0	1	0
119.3	12	1	86	LastDelay	0.000467187	467.187	1	2
119.3	12	1	86	FullDelay	61.1005	6.11005e+07	24	2
120.206	2	1	166	LastDelay	0.00566095	5660.95	1	10
120.206	2	1	166	FullDelay	56.7057	5.67057e+07	5	10
120.8	2	1	172	LastDelay	0.00046718	467.18	1	2
120.8	2	1	172	FullDelay	51.9005	5.19005e+07	5	2
121.007	9	1	227	LastDelay	0.00702799	7027.99	1	5
121.007	9	1	227	FullDelay	0.00702799	7027.99	1	5
121.3	12	1	152	LastDelay	0	0	1	0
121.3	12	1	152	FullDelay	0	0	1	0
121.7	9	1	177	LastDelay	0	0	1	0
121.7	9	1	177	FullDelay	28.6	2.86e+07	14	0
121.902	2	1	189	LastDelay	0.00211837	2118.37	1	7
121.902	2	1	189	FullDelay	25.9021	2.59021e+07	3	7
122.002	2	1	190	LastDelay	0.00150438	1504.38	1	3
122.002	2	1	190	FullDelay	25.0015	2.50015e+07	3	3
122.3	2	1	194	LastDelay	0.000467394	467.394	1	2
122.3	2	1	194	FullDelay	23.1005	2.31005e+07	3	2
122.4	3	1	165	LastDelay	0	0	1	0
122.4	3	1	165	FullDelay	0	0	1	0
122.803	9	1	200	LastDelay	0.402663	402663	1	9
122.803	9	1	200	FullDelay	14.6027	1.46027e+07	6	9
123.202	9	1	204	LastDelay	0.401971	401971	1	11
123.202	9	1	204	FullDelay	14.602	1.4602e+07	6	11
123.209	2	1	204	LastDelay	0.0092826	9282.6	1	13
123.209	2	1	204	FullDelay	10.7093	1.07093e+07	2	13
123.605	2	1	208	LastDelay	0.00470507	4705.07	1	9
123.605	2	1	208	FullDelay	10.7047	1.07047e+07	2	9
123.7	12	1	153	LastDelay	0	0	1	0
123.7	12	1	153	FullDelay	0	0	1	0
123.808	9	1	210	LastDelay	0.607665	607665	1	10
123.808	9	1	210	FullDelay	12.4077	1.24077e+07	4	10
123.809	6	1	363	LastDelay	0.0090046	9004.6	1	6
123.809	6	1	363	FullDelay	81.509	8.1509e+07	3	6
123.901	2	1	211	LastDelay	0.000889485	889.485	1	2
123.901	2	1	211	FullDelay	10.7009	1.07009e+07	2	2
124.001	9	1	220	LastDelay	0.00137131	1371.31	1	5
124.001	9	1	220	FullDelay	6.90137	6.90137e+06	3	5
124.008	9	1	214	LastDelay	0.508071	508071	1	10
124.008	9	1	214	FullDelay	10.1081	1.01081e+07	4	10
124.103	9	1	215	LastDelay	0.503239	503239	1	4
124.103	9	1	215	FullDelay	10.1032	1.01032e+07	4	4
124.503	9	1	219	LastDelay	0.602987	602987	1	7
124.503	9	1	219	FullDelay	7.50299	7.50299e+06	3	7
125.3	9	1	236	LastDelay	0	0	1	0
125.3	9	1	236	FullDelay	0	0	1	0
125.307	12	1	130	LastDelay	0.00711747	7117.47	1	6
125.307	12	1	130	FullDelay	30.2071	3.02071e+07	11	6
125.402	9	1	228	LastDelay	0.902107	902107	1	7
125.402	9	1	228	FullDelay	0.902107	902107	1	7
125.5	3	1	166	LastDelay	0	0	1	0
125.5	3	1	166	FullDelay	0	0	1	0
125.503	9	1	229	LastDelay	0.902949	902949	1	11
125.503	9	1	229	FullDelay	0.902949	902949	1	11
125.801	9	1	232	LastDelay	0.900763	900763	1	4
125.801	9	1	232	FullDelay	0.900763	900763	1	4
125.901	9	1	233	LastDelay	0.90148	901480	1	8
125.901	9	1	233	FullDelay	0.90148	901480	1	8
126.002	9	1	234	LastDelay	0.90152	901520	1	9
126.002	9	1	234	FullDelay	0.90152	901520	1	9
126.1	12	1	154	LastDelay	0	0	1	0
126.1	12	1	154	FullDelay	0	0	1	0
126.202	2	1	212	LastDelay	0.00173972	1739.72	1	4
126.202	2	1	212	FullDelay	12.9017	1.29017e+07	2	4
126.402	2	1	2	LastDelay	0.00153838	1538.38	1	4
126.402	2	1	2	FullDelay	126.202	1.26202e+08	15	4
126.801	2	1	16	LastDelay	0.000889152	889.152	1	2
126.801	2	1	16	FullDelay	124.101	1.24101e+08	13	2
127.004	12	1	30	LastDelay	0.703707	703707	1	15
127.004	12	1	30	FullDelay	117.404	1.17404e+08	48	15
127.402	2	1	45	LastDelay	0.00160452	1604.53	1	4
127.402	2	1	45	FullDelay	121.802	1.21802e+08	11	4
127.502	2	1	50	LastDelay	0.00153412	1534.12	1	5
127.502	2	1	50	FullDelay	121.402	1.21402e+08	11	5
127.901	2	1	59	LastDelay	0.000889179	889.179	1	2
127.901	2	1	59	FullDelay	120.901	1.20901e+08	11	2
128.6	3	1	167	LastDelay	0	0	1	0
128.6	3	1	167	FullDelay	0	0	1	0
128.6	12	1	157	LastDelay	0	0	1	0
128.6	12	1	157	FullDelay	0	0	1	0
128.7	9	1	241	LastDelay	0	0	1	0
128.7	9	1	241	FullDelay	0	0	1	0
128.801	12	1	57	LastDelay	0.00102859	1028.59	1	3
128.801	12	1	57	FullDelay	101.201	1.01201e+08	41	3
128.902	9	1	170	LastDelay	0.00220942	2209.42	1	11
128.902	9	1	170	FullDelay	38.6022	3.86022e+07	18	11
129.801	2	1	112	LastDelay	0.00102786	1027.86	1	3
129.801	2	1	112	FullDelay	111.701	1.11701e+08	10	3
130.103	9	1	202	LastDelay	0.00254868	2548.68	1	5
130.103	9	1	202	FullDelay	21.7025	2.17025e+07	8	5
130.305	2	1	117	LastDelay	0.00509681	5096.81	1	5
130.305	2	1	117	FullDelay	111.705	1.11705e+08	10	5
130.4	2	1	246	LastDelay	0	0	1	0
130.4	2	1	246	FullDelay	0	0	1	0
130.404	9	1	207	LastDelay	0.00432668	4326.68	1	11
130.404	9	1	207	FullDelay	21.5043	2.15043e+07	7	11
130.601	12	1	146	LastDelay	0.0012747	1274.7	1	4
130.601	12	1	146	FullDelay	17.6013	1.76013e+07	7	4
130.7	9	1	213	LastDelay	0.00046653	466.53	1	2
130.7	9	1	213	FullDelay	16.9005	1.69005e+07	6	2
130.903	2	1	30	LastDelay	0.00254071	2540.71	1	7
130.903	2	1	30	FullDelay	126.803	1.26803e+08	12	7
131.1	12	1	159	LastDelay	0	0	1	0
131.1	12	1	159	FullDelay	0	0	1	0
131.102	3	1	156	LastDelay	0.00153591	1535.91	1	5
131.102	3	1	156	FullDelay	14.7015	1.47015e+07	5	5
131.502	2	1	66	LastDelay	0.00186151	1861.51	1	4
131.502	2	1	66	FullDelay	118.002	1.18002e+08	11	4
131.7	3	1	168	LastDelay	0	0	1	0
131.7	3	1	168	FullDelay	0	0	1	0
131.901	9	1	238	LastDelay	0.000625598	625.598	1	4
131.901	9	1	238	FullDelay	3.50063	3.50063e+06	2	4
132.2	3	1	56	LastDelay	0	0	1	0
132.2	3	1	56	FullDelay	113.7	1.137e+08	39	0
132.3	9	1	244	LastDelay	0	0	1	0
132.3	9	1	244	FullDelay	0	0	1	0
132.305	2	1	101	LastDelay	0.005006	5006	1	5
132.305	2	1	101	FullDelay	115.305	1.15305e+08	11	5
132.501	12	1	105	LastDelay	0.701204	701204	1	7
132.501	12	1	105	FullDelay	60.9012	6.09012e+07	23	7
132.502	2	1	105	LastDelay	0.00172433	1724.33	1	6
132.502	2	1	105	FullDelay	115.102	1.15102e+08	11	6
132.9	9	1	180	LastDelay	0.00046737	467.37	1	2
132.9	9	1	180	FullDelay	38.3005	3.83005e+07	17	2
133.3	12	1	156	LastDelay	0	0	1	0
133.3	12	1	156	FullDelay	4.8	4.8e+06	2	0
133.3	9	1	195	LastDelay	0.00046729	467.29	1	2
133.3	9	1	195	FullDelay	30.3005	3.03005e+07	10	2
133.501	2	1	133	LastDelay	0.000545526	545.526	1	3
133.501	2	1	133	FullDelay	112.701	1.12701e+08	10	3
133.9	12	1	165	LastDelay	0	0	1	0
133.9	12	1	165	FullDelay	0	0	1	0
133.9	2	1	143	LastDelay	0.000467263	467.263	1	2
133.9	2	1	143	FullDelay	86.5005	8.65005e+07	8	2
134.1	9	1	218	LastDelay	0.00046737	467.37	1	2
134.1	9	1	218	FullDelay	17.2005	1.72005e+07	6	2
134.101	2	1	151	LastDelay	0.000969684	969.684	1	3
134.101	2	1	151	FullDelay	83.001	8.3001e+07	7	3
134.402	3	1	155	LastDelay	0.302036	302036	1	7
134.402	3	1	155	FullDelay	18.102	1.8102e+07	7	7
134.404	12	1	155	LastDelay	1.20355	1.20355e+06	1	11
134.404	12	1	155	FullDelay	6.00355	6.00355e+06	3	11
134.603	2	1	159	LastDelay	0.00334871	3348.71	1	6
134.603	2	1	159	FullDelay	75.5033	7.55033e+07	7	6
135.003	12	1	163	LastDelay	1.30258	1.30258e+06	1	9
135.003	12	1	163	FullDelay	1.30258	1.30258e+06	1	9
135.404	2	1	168	LastDelay	0.00371558	3715.58	1	5
135.404	2	1	168	FullDelay	71.0037	7.10037e+07	6	5
135.5	3	1	177	LastDelay	0	0	1	0
135.5	3	1	177	FullDelay	0	0	1	0
135.5	9	1	246	LastDelay	0	0	1	0
135.5	9	1	246	FullDelay	0	0	1	0
135.701	3	1	171	LastDelay	0.801239	801239	1	4
135.701	3	1	171	FullDelay	0.801239	801239	1	4
135.801	12	1	150	LastDelay	0.00110179	1101.79	1	3
135.801	12	1	150	FullDelay	17.1011	1.71011e+07	6	3
136	3	1	176	LastDelay	0.600467	600467	1	2
136	3	1	176	FullDelay	0.600467	600467	1	2
136.102	9	1	182	LastDelay	0.00221452	2214.52	1	4
136.102	9	1	182	FullDelay	41.3022	4.13022e+07	16	4
136.103	2	1	179	LastDelay	0.00271562	2715.62	1	5
136.103	2	1	179	FullDelay	58.3027	5.83027e+07	5	5
136.2	9	1	188	LastDelay	0.00046737	467.37	1	2
136.2	9	1	188	FullDelay	36.7005	3.67005e+07	14	2
136.3	12	1	166	LastDelay	0	0	1	0
136.3	12	1	166	FullDelay	0	0	1	0
136.3	3	1	107	LastDelay	0.000467239	467.239	1	2
136.3	3	1	107	FullDelay	77.8005	7.78005e+07	27	2
136.302	9	1	194	LastDelay	0.00234132	2341.32	1	5
136.302	9	1	194	FullDelay	33.4023	3.34023e+07	12	5
136.8	9	1	209	LastDelay	0.00046737	467.37	1	2
136.8	9	1	209	FullDelay	25.5005	2.55005e+07	9	2
137.706	6	1	511	LastDelay	0.00622974	6229.74	1	6
137.706	6	1	511	FullDelay	0.00622974	6229.74	1	6
137.8	6	1	2	LastDelay	0.000467137	467.137	1	2
137.8	6	1	2	FullDelay	137.6	1.376e+08	7	2
138	6	1	6	LastDelay	0	0	1	0
138	6	1	6	FullDelay	137.2	1.372e+08	6	0
138.002	2	1	207	LastDelay	0.00210619	2106.19	1	6
138.002	2	1	207	FullDelay	25.2021	2.52021e+07	3	6
138.302	6	1	13	LastDelay	0.00233986	2339.86	1	5
138.302	6	1	13	FullDelay	136.702	1.36702e+08	5	5
138.404	3	1	14	LastDelay	1.20369	1.20369e+06	1	10
138.404	3	1	14	FullDelay	135.604	1.35604e+08	55	10
138.5	6	1	16	LastDelay	0	0	1	0
138.5	6	1	16	FullDelay	136.6	1.366e+08	5	0
138.6	12	1	167	LastDelay	0	0	1	0
138.6	12	1	167	FullDelay	0	0	1	0
138.7	12	1	14	LastDelay	0	0	1	0
138.7	12	1	14	FullDelay	135.5	1.355e+08	58	0
138.701	9	1	250	LastDelay	0.000546587	546.587	1	3
138.701	9	1	250	FullDelay	0.000546587	546.587	1	3
138.8	6	1	30	LastDelay	0	0	1	0
138.8	6	1	30	FullDelay	134.9	1.349e+08	5	0
139.2	6	1	38	LastDelay	0.000467082	467.082	1	2
139.2	6	1	38	FullDelay	134.5	1.345e+08	5	2
139.4	6	1	45	LastDelay	0	0	1	0
139.4	6	1	45	FullDelay	134	1.34e+08	5	0
139.5	3	1	180	LastDelay	0	0	1	0
139.5	3	1	180	FullDelay	0	0	1	0
139.6	6	1	48	LastDelay	0	0	1	0
139.6	6	1	48	FullDelay	133.9	1.339e+08	5	0
139.8	6	1	50	LastDelay	0	0	1	0
139.8	6	1	50	FullDelay	133.9	1.339e+08	5	0
139.9	6	1	51	LastDelay	0	0	1	0
139.9	6	1	51	FullDelay	133.9	1.339e+08	5	0
140.007	6	1	53	LastDelay	0.00744849	7448.49	1	9
140.007	6	1	53	FullDelay	133.807	1.33807e+08	5	9
140.1	6	1	54	LastDelay	0.000467137	467.137	1	2
140.1	6	1	54	FullDelay	133.8	1.338e+08	4	2
140.4	6	1	58	LastDelay	0	0	1	0
140.4	6	1	58	FullDelay	133.7	1.337e+08	4	0
140.7	6	1	66	LastDelay	0	0	1	0
140.7	6	1	66	FullDelay	128.1	1.281e+08	4	0
140.802	9	1	239	LastDelay	0.00240545	2405.45	1	8
140.802	9	1	239	FullDelay	12.3024	1.23024e+07	5	8
141	6	1	71	LastDelay	0	0	1	0
141	6	1	71	FullDelay	127.9	1.279e+08	4	0
141.1	6	1	73	LastDelay	0	0	1	0
141.1	6	1	73	FullDelay	127.8	1.278e+08	4	0
141.2	6	1	74	LastDelay	0	0	1	0
141.2	6	1	74	FullDelay	127.8	1.278e+08	4	0
141.2	12	1	171	LastDelay	0	0	1	0
141.2	12	1	171	FullDelay	0	0	1	0
141.203	9	1	243	LastDelay	0.102656	102656	1	13
141.203	9	1	243	FullDelay	9.00266	9.00266e+06	3	13
141.4	6	1	77	LastDelay	0.000467137	467.137	1	2
141.4	6	1	77	FullDelay	127.7	1.277e+08	4	2
141.5	6	1	81	LastDelay	0	0	1	0
141.5	6	1	81	FullDelay	127.4	1.274e+08	4	0
141.609	6	1	82	LastDelay	0.00883235	8832.35	1	7
141.609	6	1	82	FullDelay	127.409	1.27409e+08	4	7
142.1	6	1	96	LastDelay	0	0	1	0
142.1	6	1	96	FullDelay	126.5	1.265e+08	4	0
142.101	9	1	253	LastDelay	0.400762	400762	1	4
142.101	9	1	253	FullDelay	0.400762	400762	1	4
142.3	6	1	100	LastDelay	0	0	1	0
142.3	6	1	100	FullDelay	126.3	1.263e+08	4	0
142.6	6	1	105	LastDelay	0	0	1	0
142.6	6	1	105	FullDelay	126.1	1.261e+08	4	0
142.8	3	1	185	LastDelay	0	0	1	0
142.8	3	1	185	FullDelay	0	0	1	0
142.8	6	1	108	LastDelay	0.000467137	467.137	1	2
142.8	6	1	108	FullDelay	126	1.26e+08	4	2
142.802	9	1	201	LastDelay	0.00176266	1762.66	1	4
142.802	9	1	201	FullDelay	34.5018	3.45018e+07	12	4
142.9	6	1	110	LastDelay	0.000467137	467.137	1	2
142.9	6	1	110	FullDelay	125.9	1.259e+08	4	2
142.903	2	1	261	LastDelay	0.00314956	3149.56	1	6
142.903	2	1	261	FullDelay	0.00314956	3149.56	1	6
143	2	1	9	LastDelay	0.00046718	467.18	1	2
143	2	1	9	FullDelay	141.9	1.419e+08	16	2
143.1	2	1	13	LastDelay	0	0	1	0
143.1	2	1	13	FullDelay	140.7	1.407e+08	15	0
143.202	2	1	14	LastDelay	0.00204881	2048.81	1	5
143.202	2	1	14	FullDelay	140.702	1.40702e+08	15	5
143.3	6	1	115	LastDelay	0	0	1	0
143.3	6	1	115	FullDelay	125.8	1.258e+08	4	0
143.305	2	1	29	LastDelay	0.00522436	5224.36	1	9
143.305	2	1	29	FullDelay	139.305	1.39305e+08	13	9
143.5	6	1	117	LastDelay	0	0	1	0
143.5	6	1	117	FullDelay	125.8	1.258e+08	4	0
143.6	6	1	118	LastDelay	0.000467082	467.082	1	2
143.6	6	1	118	FullDelay	125.8	1.258e+08	4	2
143.602	2	1	58	LastDelay	0.00189387	1893.87	1	4
143.602	2	1	58	FullDelay	136.702	1.36702e+08	13	4
143.7	6	1	119	LastDelay	0	0	1	0
143.7	6	1	119	FullDelay	125.8	1.258e+08	4	0
144.2	12	1	177	LastDelay	0	0	1	0
144.2	12	1	177	FullDelay	0	0	1	0
144.301	2	1	88	LastDelay	0.000977427	977.427	1	4
144.301	2	1	88	FullDelay	128.601	1.28601e+08	12	4
144.4	6	1	130	LastDelay	0	0	1	0
144.4	6	1	130	FullDelay	125.4	1.254e+08	4	0
145.2	6	1	143	LastDelay	0	0	1	0
145.2	6	1	143	FullDelay	124.9	1.249e+08	4	0
145.2	9	1	260	LastDelay	0	0	1	0
145.2	9	1	260	FullDelay	0	0	1	0
145.3	6	1	148	LastDelay	0	0	1	0
145.3	6	1	148	FullDelay	124.5	1.245e+08	4	0
145.302	6	1	126	LastDelay	1.10174	1.10174e+06	1	4
145.302	6	1	126	FullDelay	126.702	1.26702e+08	4	4
145.4	9	1	172	LastDelay	0.00046729	467.29	1	2
145.4	9	1	172	FullDelay	53.8005	5.38005e+07	23	2
145.6	6	1	154	LastDelay	0	0	1	0
145.6	6	1	154	FullDelay	124.2	1.242e+08	4	0
145.602	12	1	138	LastDelay	0.00179674	1796.74	1	7
145.602	12	1	138	FullDelay	41.6018	4.16018e+07	16	7
146.1	6	1	159	LastDelay	0	0	1	0
146.1	6	1	159	FullDelay	124.2	1.242e+08	4	0
146.101	2	1	154	LastDelay	0.000889937	889.937	1	3
146.101	2	1	154	FullDelay	93.3009	9.33009e+07	8	3
146.203	2	1	155	LastDelay	0.00271074	2710.74	1	5
146.203	2	1	155	FullDelay	91.7027	9.17027e+07	8	5
146.301	9	1	221	LastDelay	0.000546342	546.342	1	3
146.301	9	1	221	FullDelay	29.1005	2.91005e+07	10	3
146.402	6	1	160	LastDelay	0.202269	202269	1	5
146.402	6	1	160	FullDelay	124.402	1.24402e+08	4	5
146.403	2	1	160	LastDelay	0.00276923	2769.23	1	4
146.403	2	1	160	FullDelay	85.1028	8.51028e+07	8	4
146.5	3	1	189	LastDelay	0	0	1	0
146.5	3	1	189	FullDelay	0	0	1	0
146.5	12	1	168	LastDelay	0.000467187	467.187	1	2
146.5	12	1	168	FullDelay	5.60047	5.60047e+06	3	2
146.7	6	1	166	LastDelay	0	0	1	0
146.7	6	1	166	FullDelay	124.1	1.241e+08	4	0
146.701	3	1	163	LastDelay	1.40094	1.40094e+06	1	8
146.701	3	1	163	FullDelay	24.5009	2.45009e+07	6	8
146.708	9	1	226	LastDelay	0.00768017	7680.17	1	8
146.708	9	1	226	FullDelay	25.8077	2.58077e+07	8	8
146.8	6	1	167	LastDelay	0	0	1	0
146.8	6	1	167	FullDelay	124.1	1.241e+08	4	0
146.8	2	1	164	LastDelay	0.000466338	466.338	1	2
146.8	2	1	164	FullDelay	84.2005	8.42005e+07	7	2
146.809	12	1	164	LastDelay	0.408717	408717	1	6
146.809	12	1	164	FullDelay	13.0087	1.30087e+07	4	6
146.809	3	1	164	LastDelay	1.40872	1.40872e+06	1	6
146.809	3	1	164	FullDelay	24.5087	2.45087e+07	6	6
146.903	6	1	165	LastDelay	0.302772	302772	1	9
146.903	6	1	165	FullDelay	124.403	1.24403e+08	4	9
147.105	3	1	169	LastDelay	1.60474	1.60474e+06	1	9
147.105	3	1	169	FullDelay	12.4047	1.24047e+07	4	9
147.107	12	1	169	LastDelay	0.507198	507198	1	12
147.107	12	1	169	FullDelay	6.1072	6.1072e+06	3	12
147.305	3	1	174	LastDelay	1.50468	1.50468e+06	1	6
147.305	3	1	174	FullDelay	12.1047	1.21047e+07	3	6
147.305	12	1	174	LastDelay	0.304679	304679	1	6
147.305	12	1	174	FullDelay	3.40468	3.40468e+06	2	6
147.4	12	1	180	LastDelay	0	0	1	0
147.4	12	1	180	FullDelay	0	0	1	0
147.402	9	1	245	LastDelay	0.00221948	2219.48	1	7
147.402	9	1	245	FullDelay	12.0022	1.20022e+07	4	7
147.502	3	1	175	LastDelay	1.60192	1.60192e+06	1	11
147.502	3	1	175	FullDelay	12.2019	1.22019e+07	3	11
147.6	9	1	248	LastDelay	0.00046729	467.29	1	2
147.6	9	1	248	FullDelay	9.10047	9.10047e+06	4	2
147.602	6	1	179	LastDelay	0.00204145	2041.45	1	4
147.602	6	1	179	FullDelay	123.702	1.23702e+08	4	4
147.7	6	1	180	LastDelay	0	0	1	0
147.7	6	1	180	FullDelay	123.7	1.237e+08	4	0
147.902	9	1	254	LastDelay	0.00211303	2113.03	1	4
147.902	9	1	254	FullDelay	6.10211	6.10211e+06	2	4
148.1	6	1	184	LastDelay	0	0	1	0
148.1	6	1	184	FullDelay	123.7	1.237e+08	4	0
148.302	2	1	191	LastDelay	0.00158367	1583.67	1	4
148.302	2	1	191	FullDelay	50.7016	5.07016e+07	5	4
148.501	6	1	190	LastDelay	0.0014512	1451.2	1	4
148.501	6	1	190	FullDelay	123.501	1.23501e+08	4	4
148.6	6	1	191	LastDelay	0.000467137	467.137	1	2
148.6	6	1	191	FullDelay	123.5	1.235e+08	4	2
148.9	9	1	267	LastDelay	0.00046737	467.37	1	2
148.9	9	1	267	FullDelay	0.00046737	467.37	1	2
149	2	1	201	LastDelay	0	0	1	0
149	2	1	201	FullDelay	36.8	3.68e+07	4	0
149	12	1	148	LastDelay	0.00046669	466.69	1	2
149	12	1	148	FullDelay	33.1005	3.31005e+07	11	2
149.101	2	1	202	LastDelay	0.00147876	1478.76	1	4
149.101	2	1	202	FullDelay	36.8015	3.68015e+07	4	4
149.4	12	1	162	LastDelay	0.000467176	467.176	1	2
149.4	12	1	162	FullDelay	15.8005	1.58005e+07	6	2
149.5	6	1	202	LastDelay	0	0	1	0
149.5	6	1	202	FullDelay	123.3	1.233e+08	4	0
149.6	9	1	205	LastDelay	0	0	1	0
149.6	9	1	205	FullDelay	40.9	4.09e+07	14	0
149.601	2	1	210	LastDelay	0.000889375	889.375	1	2
149.601	2	1	210	FullDelay	36.5009	3.65009e+07	4	2
149.8	3	1	190	LastDelay	0	0	1	0
149.8	3	1	190	FullDelay	0	0	1	0
149.803	9	1	216	LastDelay	0.00326295	3262.95	1	6
149.803	9	1	216	FullDelay	35.7033	3.57033e+07	11	6
149.901	12	1	176	LastDelay	0.00114423	1144.23	1	3
149.901	12	1	176	FullDelay	5.80114	5.80114e+06	2	3
150	6	1	207	LastDelay	0	0	1	0
150	6	1	207	FullDelay	123.3	1.233e+08	4	0
150.1	6	1	208	LastDelay	0	0	1	0
150.1	6	1	208	FullDelay	123.3	1.233e+08	4	0
150.1	12	1	181	LastDelay	0	0	1	0
150.1	12	1	181	FullDelay	0	0	1	0
150.3	6	1	210	LastDelay	0	0	1	0
150.3	6	1	210	FullDelay	123.3	1.233e+08	4	0
150.301	2	1	220	LastDelay	0.00142693	1426.93	1	4
150.301	2	1	220	FullDelay	25.7014	2.57014e+07	3	4
150.5	6	1	212	LastDelay	0	0	1	0
150.5	6	1	212	FullDelay	123.3	1.233e+08	4	0
150.7	6	1	215	LastDelay	0.000467137	467.137	1	2
150.7	6	1	215	FullDelay	123.2	1.232e+08	4	2
150.803	9	1	225	LastDelay	0.702725	702725	1	12
150.803	9	1	225	FullDelay	30.0027	3.00027e+07	10	12
150.902	2	1	226	LastDelay	0.0015289	1528.9	1	4
150.902	2	1	226	FullDelay	25.7015	2.57015e+07	3	4
151.1	6	1	219	LastDelay	0	0	1	0
151.1	6	1	219	FullDelay	123.2	1.232e+08	4	0
151.202	6	1	220	LastDelay	0.00158876	1588.76	1	4
151.202	6	1	220	FullDelay	123.202	1.23202e+08	4	4
151.3	2	1	230	LastDelay	0.000467177	467.177	1	2
151.3	2	1	230	FullDelay	25.7005	2.57005e+07	3	2
151.403	9	1	231	LastDelay	1.10296	1.10296e+06	1	8
151.403	9	1	231	FullDelay	26.603	2.6603e+07	9	8
151.403	2	1	231	LastDelay	0.00342803	3428.03	1	4
151.403	2	1	231	FullDelay	25.7034	2.57034e+07	3	4
152.104	6	1	229	LastDelay	0.00387436	3874.36	1	8
152.104	6	1	229	FullDelay	123.204	1.23204e+08	4	8
152.702	2	1	244	LastDelay	0.00181305	1813.05	1	2
152.702	2	1	244	FullDelay	23.3018	2.33018e+07	3	2
152.8	12	1	185	LastDelay	0.00046698	466.98	1	2
152.8	12	1	185	FullDelay	0.00046698	466.98	1	2
153.106	6	1	239	LastDelay	0.00568334	5683.34	1	4
153.106	6	1	239	FullDelay	123.206	1.23206e+08	4	4
153.2	3	1	192	LastDelay	0	0	1	0
153.2	3	1	192	FullDelay	0	0	1	0
153.3	6	1	241	LastDelay	0	0	1	0
153.3	6	1	241	FullDelay	123.2	1.232e+08	4	0
153.5	9	1	282	LastDelay	0	0	1	0
153.5	9	1	282	FullDelay	0	0	1	0
153.601	2	1	254	LastDelay	0.00145062	1450.62	1	4
153.601	2	1	254	FullDelay	11.4015	1.14015e+07	2	4
154.603	12	1	161	LastDelay	0.00295569	2955.69	1	5
154.603	12	1	161	FullDelay	21.103	2.1103e+07	9	5
155.102	3	1	145	LastDelay	0.00217236	2172.36	1	4
155.102	3	1	145	FullDelay	56.5022	5.65022e+07	17	4
155.2	9	1	251	LastDelay	0	0	1	0
155.2	9	1	251	FullDelay	13.7	1.37e+07	5	0
155.2	6	1	261	LastDelay	0.000467082	467.082	1	2
155.2	6	1	261	FullDelay	123.1	1.231e+08	4	2
155.5	3	1	161	LastDelay	0	0	1	0
155.5	3	1	161	FullDelay	33.5	3.35e+07	11	0
155.6	9	1	257	LastDelay	0	0	1	0
155.6	9	1	257	FullDelay	13.5	1.35e+07	4	0
155.7	9	1	258	LastDelay	0	0	1	0
155.7	9	1	258	FullDelay	10.7	1.07e+07	3	0
155.7	12	1	188	LastDelay	0	0	1	0
155.7	12	1	188	FullDelay	0	0	1	0
156.1	9	1	263	LastDelay	0	0	1	0
156.1	9	1	263	FullDelay	7.6	7.6e+06	3	0
156.3	9	1	265	LastDelay	0.00046737	467.37	1	2
156.3	9	1	265	FullDelay	7.60047	7.60047e+06	2	2
156.606	2	1	62	LastDelay	0.00590672	5906.72	1	7
156.606	2	1	62	FullDelay	143.506	1.43506e+08	13	7
156.8	2	1	71	LastDelay	0.000466208	466.208	1	2
156.8	2	1	71	FullDelay	142.8	1.428e+08	13	2
157.1	6	1	280	LastDelay	0	0	1	0
157.1	6	1	280	FullDelay	123.1	1.231e+08	4	0
157.1	9	1	274	LastDelay	0	0	1	0
157.1	9	1	274	FullDelay	4.4	4.4e+06	2	0
157.1	3	1	197	LastDelay	0.000467507	467.507	1	2
157.1	3	1	197	FullDelay	0.000467507	467.507	1	2
157.4	9	1	277	LastDelay	0	0	1	0
157.4	9	1	277	FullDelay	4.4	4.4e+06	2	0
157.401	12	1	160	LastDelay	0.00133067	1330.67	1	4
157.401	12	1	160	FullDelay	24.0013	2.40013e+07	10	4
158.401	2	1	131	LastDelay	0.00145345	1453.45	1	4
158.401	2	1	131	FullDelay	138.301	1.38301e+08	12	4
158.7	2	1	142	LastDelay	0.000467147	467.147	1	2
158.7	2	1	142	FullDelay	111.4	1.114e+08	10	2
158.8	9	1	295	LastDelay	0	0	1	0
158.8	9	1	295	FullDelay	0	0	1	0
158.8	2	1	150	LastDelay	0.000467147	467.147	1	2
158.8	2	1	150	FullDelay	108.5	1.085e+08	9	2
158.903	2	1	152	LastDelay	0.00258332	2583.32	1	8
158.903	2	1	152	FullDelay	106.603	1.06603e+08	9	8
159.101	2	1	285	LastDelay	0.00118611	1186.11	1	4
159.101	2	1	285	FullDelay	0.00118611	1186.11	1	4
159.3	12	1	197	LastDelay	0	0	1	0
159.3	12	1	197	FullDelay	0	0	1	0
159.302	6	1	303	LastDelay	0.00183243	1832.43	1	4
159.302	6	1	303	FullDelay	123.002	1.23002e+08	4	4
160.305	6	1	314	LastDelay	0.00526313	5263.13	1	7
160.305	6	1	314	FullDelay	122.905	1.22905e+08	4	7
160.7	2	1	126	LastDelay	0.000467394	467.394	1	2
160.7	2	1	126	FullDelay	141.2	1.412e+08	13	2
161.1	3	1	200	LastDelay	0	0	1	0
161.1	3	1	200	FullDelay	0	0	1	0
161.603	2	1	167	LastDelay	0.00300211	3002.11	1	3
161.603	2	1	167	FullDelay	98.003	9.8003e+07	8	3
161.801	9	1	273	LastDelay	0.0014401	1440.1	1	4
161.801	9	1	273	FullDelay	9.20144	9.20144e+06	3	4
161.806	2	1	170	LastDelay	0.0061221	6122.1	1	8
161.806	2	1	170	FullDelay	95.7061	9.57061e+07	8	8
161.809	12	1	170	LastDelay	0.809309	809309	1	8
161.809	12	1	170	FullDelay	20.7093	2.07093e+07	7	8
162	9	1	276	LastDelay	0.00046737	467.37	1	2
162	9	1	276	FullDelay	9.10047	9.10047e+06	3	2
162.402	2	1	181	LastDelay	0.00192929	1929.29	1	5
162.402	2	1	181	FullDelay	82.4019	8.24019e+07	7	5
162.502	12	1	182	LastDelay	0.902077	902077	1	5
162.502	12	1	182	FullDelay	10.0021	1.00021e+07	4	5
162.505	3	1	182	LastDelay	2.50468	2.50468e+06	1	8
162.505	3	1	182	FullDelay	20.0047	2.00047e+07	4	8
162.8	9	1	286	LastDelay	0.00046737	467.37	1	2
162.8	9	1	286	FullDelay	4.90047	4.90047e+06	2	2
163	12	1	200	LastDelay	0	0	1	0
163	12	1	200	FullDelay	0	0	1	0
163.005	9	1	288	LastDelay	0.00481229	4812.28	1	13
163.005	9	1	288	FullDelay	4.90481	4.90481e+06	2	13
163.605	2	1	205	LastDelay	0.00487519	4875.19	1	8
163.605	2	1	205	FullDelay	51.0049	5.10049e+07	5	8
163.9	9	1	300	LastDelay	0.00046737	467.37	1	2
163.9	9	1	300	FullDelay	0.00046737	467.37	1	2
164.5	9	1	203	LastDelay	0.00046737	467.37	1	2
164.5	9	1	203	FullDelay	56.0005	5.60005e+07	17	2
164.806	2	1	224	LastDelay	0.00558553	5585.53	1	7
164.806	2	1	224	FullDelay	39.8056	3.98056e+07	4	7
165	3	1	201	LastDelay	0	0	1	0
165	3	1	201	FullDelay	0	0	1	0
165.8	2	1	237	LastDelay	0	0	1	0
165.8	2	1	237	FullDelay	38.7	3.87e+07	4	0
166.201	2	1	241	LastDelay	0.00105828	1058.29	1	3
166.201	2	1	241	FullDelay	37.6011	3.76011e+07	4	3
166.4	9	1	268	LastDelay	0.00046737	467.37	1	2
166.4	9	1	268	FullDelay	14.3005	1.43005e+07	4	2
166.5	12	1	201	LastDelay	0	0	1	0
166.5	12	1	201	FullDelay	0	0	1	0
166.5	2	1	245	LastDelay	0.000466467	466.467	1	2
166.5	2	1	245	FullDelay	36.4005	3.64005e+07	4	2
168.203	12	1	172	LastDelay	0.00314023	3140.23	1	6
168.203	12	1	172	FullDelay	24.5031	2.45031e+07	9	6
168.8	9	1	302	LastDelay	0	0	1	0
168.8	9	1	302	FullDelay	0	0	1	0
168.9	3	1	202	LastDelay	0	0	1	0
168.9	3	1	202	FullDelay	0	0	1	0
169.202	9	1	176	LastDelay	0.00212031	2120.31	1	5
169.202	9	1	176	FullDelay	76.2021	7.62021e+07	27	5
169.4	2	1	277	LastDelay	0.000467278	467.278	1	2
169.4	2	1	277	FullDelay	13.6005	1.36005e+07	2	2
170	12	1	202	LastDelay	0	0	1	0
170	12	1	202	FullDelay	0	0	1	0
171.1	9	1	266	LastDelay	0	0	1	0
171.1	9	1	266	FullDelay	22.3	2.23e+07	5	0
171.205	2	1	297	LastDelay	0.00456862	4568.62	1	9
171.205	2	1	297	FullDelay	0.00456862	4568.62	1	9
171.808	12	1	87	LastDelay	1.60835	1.60835e+06	1	9
171.808	12	1	87	FullDelay	113.508	1.13508e+08	41	9
172.101	2	1	104	LastDelay	0.000889179	889.179	1	2
172.101	2	1	104	FullDelay	154.801	1.54801e+08	15	2
172.508	9	1	289	LastDelay	0.00846081	8460.81	1	8
172.508	9	1	289	FullDelay	14.3085	1.43085e+07	4	8
172.511	12	1	122	LastDelay	1.71097	1.71097e+06	1	11
172.511	12	1	122	FullDelay	80.411	8.0411e+07	29	11
172.705	2	1	124	LastDelay	0.00536547	5365.47	1	7
172.705	2	1	124	FullDelay	153.405	1.53405e+08	14	7
172.9	2	1	138	LastDelay	0.000467475	467.475	1	2
172.9	2	1	138	FullDelay	126	1.26e+08	12	2
173.2	3	1	207	LastDelay	0	0	1	0
173.2	3	1	207	FullDelay	0	0	1	0
173.2	9	1	297	LastDelay	0	0	1	0
173.2	9	1	297	FullDelay	9.6	9.6e+06	3	0
173.201	2	1	161	LastDelay	0.000702332	702.332	1	5
173.201	2	1	161	FullDelay	111.701	1.11701e+08	10	5
173.403	2	1	163	LastDelay	0.00304775	3047.75	1	6
173.403	2	1	163	FullDelay	111.203	1.11203e+08	9	6
173.5	2	1	165	LastDelay	0.000466432	466.432	1	2
173.5	2	1	165	FullDelay	110.2	1.102e+08	9	2
173.7	3	1	87	LastDelay	0	0	1	0
173.7	3	1	87	FullDelay	141	1.41e+08	44	0
173.7	12	1	206	LastDelay	0	0	1	0
173.7	12	1	206	FullDelay	0	0	1	0
173.704	2	1	171	LastDelay	0.0042645	4264.5	1	4
173.704	2	1	171	FullDelay	106.104	1.06104e+08	9	4
173.8	2	1	174	LastDelay	0.000467177	467.177	1	2
173.8	2	1	174	FullDelay	100.3	1.003e+08	9	2
174.001	9	1	309	LastDelay	0.000546587	546.587	1	3
174.001	9	1	309	FullDelay	0.000546587	546.587	1	3
174.1	9	1	122	LastDelay	0	0	1	0
174.1	9	1	122	FullDelay	112.6	1.126e+08	51	0
174.3	3	1	122	LastDelay	0	0	1	0
174.3	3	1	122	FullDelay	101.5	1.015e+08	33	0
174.3	9	1	175	LastDelay	0	0	1	0
174.3	9	1	175	FullDelay	81.4	8.14e+07	28	0
174.801	2	1	196	LastDelay	0.00110641	1106.41	1	4
174.801	2	1	196	FullDelay	75.3011	7.53011e+07	7	4
175.102	2	1	200	LastDelay	0.0023606	2360.6	1	5
175.102	2	1	200	FullDelay	63.0024	6.30024e+07	6	5
175.204	12	1	203	LastDelay	1.80405	1.80405e+06	1	12
175.204	12	1	203	FullDelay	1.80405	1.80405e+06	1	12
175.3	12	1	175	LastDelay	0	0	1	0
175.3	12	1	175	FullDelay	31.3	3.13e+07	11	0
175.403	2	1	209	LastDelay	0.00252946	2529.46	1	4
175.403	2	1	209	FullDelay	62.4025	6.24025e+07	6	4
175.6	2	1	215	LastDelay	0.000467394	467.394	1	2
175.6	2	1	215	FullDelay	51.5005	5.15005e+07	5	2
177.3	3	1	203	LastDelay	0	0	1	0
177.3	3	1	203	FullDelay	4.5	4.5e+06	2	0
177.4	2	1	239	LastDelay	0.000467177	467.177	1	2
177.4	2	1	239	FullDelay	49.8005	4.98005e+07	5	2
177.504	2	1	240	LastDelay	0.00397393	3973.93	1	4
177.504	2	1	240	FullDelay	49.204	4.9204e+07	5	4
177.7	3	1	209	LastDelay	0	0	1	0
177.7	3	1	209	FullDelay	0	0	1	0
178.102	2	1	250	LastDelay	0.00219699	2196.99	1	5
178.102	2	1	250	FullDelay	36.3022	3.63022e+07	4	5
178.402	2	1	253	LastDelay	0.002196	2196	1	3
178.402	2	1	253	FullDelay	36.3022	3.63022e+07	4	3
178.5	12	1	221	LastDelay	0	0	1	0
178.5	12	1	221	FullDelay	0	0	1	0
179.3	9	1	314	LastDelay	0	0	1	0
179.3	9	1	314	FullDelay	0	0	1	0
179.601	3	1	135	LastDelay	0.500625	500625	1	4
179.601	3	1	135	FullDelay	93.9006	9.39006e+07	28	4
179.601	12	1	135	LastDelay	0.000625218	625.218	1	4
179.601	12	1	135	FullDelay	78.7006	7.87006e+07	27	4
179.803	2	1	269	LastDelay	0.00300755	3007.55	1	7
179.803	2	1	269	FullDelay	24.903	2.4903e+07	3	7
